data/model 3/G.grd
DSAA
101 101
0 80000
0 80000
0.000179965 0.0421062
[rows 52 to 77 of 101, columns 0 to 56 of 101]
0.00091689 0.000994928 0.001082 0.00117872 0.001287 0.00140926 0.00154755 0.00170334 0.00188083 0.00208192 0.00231177 0.00257514 0.00287595 0.00322044 0.0036133 0.00405812 0.00455545 0.00510058 0.00568108 0.00627613 0.00686094 0.00741194 0.00791228 0.00835255 0.00873118 0.00904957 0.00931141 0.00952023 0.00968106 0.00979669 0.0098696 0.00990142 0.00989273 0.00984362 0.00975275 0.00961773 0.00943656 0.00920504 0.00891901 0.00857451 0.00816848 0.00770121 0.0071781 0.00661187 0.00602298 0.00543685 0.00487695 0.00436001 0.00389461 0.00348183 0.00312095 0.00280622 0.00253273 0.00229566 0.00209022 0.00191221 0.00175799
0.000947915 0.00103077 0.00112288 0.00122713 0.00134434 0.00147707 0.0016267 0.00179816 0.00199454 0.00221998 0.00248006 0.00278099 0.0031312 0.00353758 0.00401075 0.00455818 0.00518515 0.00588871 0.00665351 0.00744587 0.00822309 0.00894572 0.00958808 0.0101417 0.010608 0.0109933 0.0113051 0.0115518 0.0117394 0.0118732 0.0119573 0.0119935 0.0119836 0.0119266 0.0118211 0.0116639 0.011451 0.0111758 0.0108315 0.0104101 0.00990416 0.00930941 0.00862911 0.00787942 0.0070931 0.00631428 0.00558182 0.00492096 0.00433997 0.00383697 0.00340501 0.00303517 0.00271892 0.00244808 0.00221565 0.00201634 0.00184506
0.000978669 0.00106593 0.00116462 0.00127586 0.00140181 0.00154504 0.00170867 0.00189675 0.00211281 0.00236423 0.00265694 0.00300001 0.00340441 0.00388279 0.00445022 0.00512266 0.00591518 0.00683271 0.00785825 0.00893906 0.0099942 0.0109541 0.0117838 0.0124793 0.0130518 0.0135149 0.0138848 0.0141734 0.0143909 0.014545 0.0146411 0.0146825 0.0146706 0.0146055 0.0144836 0.0143019 0.0140532 0.0137287 0.013317 0.0128048 0.012176 0.0114181 0.0105252 0.00951495 0.00844091 0.00738366 0.00641277 0.00556302 0.0048379 0.00422585 0.00371179 0.00327971 0.00291518 0.00260753 0.00234612 0.00212366 0.00193429
0.0010089 0.00110159 0.00120575 0.00132503 0.00145976 0.00161399 0.00179129 0.00199596 0.00223399 0.00251173 0.00283961 0.00322798 0.00369182 0.00424905 0.00492383 0.0057438 0.00673932 0.00793551 0.00932604 0.0108278 0.012283 0.0135642 0.0146308 0.015497 0.0161915 0.0167435 0.017177 0.0175113 0.017761 0.0179369 0.0180463 0.0180931 0.0180796 0.0180049 0.0178661 0.0176575 0.0173699 0.0169915 0.0165047 0.0158887 0.0151154 0.0141561 0.0129857 0.0116115 0.0101164 0.00865861 0.00736596 0.00627734 0.00537903 0.00464206 0.00403556 0.00353514 0.00311859 0.00277121 0.00247947 0.00223343 0.00202473
0.0010385 0.00113611 0.00124766 0.00137315 0.00151721 0.00168265 0.0018738 0.00209577 0.00235534 0.00266115 0.00302452 0.00345986 0.00398636 0.00462786 0.00541853 0.00640047 0.00762785 0.0091595 0.0110203 0.0130958 0.015085 0.0167654 0.0181092 0.0191668 0.0199951 0.0206415 0.0211427 0.0215252 0.021809 0.0220074 0.0221303 0.0221824 0.0221674 0.0220831 0.0219264 0.0216896 0.0213621 0.0209262 0.0203598 0.0196311 0.0186984 0.0175087 0.0160049 0.0141604 0.0120921 0.0101001 0.00840626 0.00703915 0.00594736 0.00507377 0.00436887 0.00379603 0.00332582 0.00293737 0.00261449 0.00234319 0.0021151
0.00106757 0.00117038 0.00128755 0.00142055 0.00157385 0.00175014 0.00195517 0.00219441 0.00247511 0.00280928 0.00320898 0.0036913 0.00428046 0.00500723 0.00591498 0.00706238 0.00852829 0.0104092 0.0127705 0.0154649 0.0180271 0.0201279 0.0217591 0.0230125 0.0239764 0.0247188 0.0252883 0.0257194 0.0260369 0.0262584 0.0263948 0.026453 0.0264353 0.0263419 0.0261677 0.0259027 0.0255339 0.0250404 0.0243931 0.0235503 0.0224549 0.0210285 0.0191763 0.0168326 0.0141449 0.0115795 0.00946481 0.00780895 0.00651944 0.00550649 0.0047023 0.00405632 0.00353184 0.00310221 0.00274729 0.00245152 0.00220438
0.0010955 0.0012033 0.00132628 0.00146651 0.00162823 0.00181576 0.00203359 0.0022899 0.00259199 0.00295341 0.00338784 0.00391627 0.00456626 0.00537456 0.00639423 0.00769662 0.00938193 0.0115726 0.0143549 0.017549 0.0205814 0.0230456 0.0249357 0.0263714 0.0274643 0.0282986 0.0289342 0.029412 0.0297627 0.0300062 0.0301559 0.0302195 0.0302004 0.0300973 0.0299053 0.0296135 0.029205 0.0286558 0.0279308 0.0269793 0.0257308 0.0240873 0.0219265 0.0191625 0.0159751 0.0129393 0.0104601 0.00854336 0.00706945 0.00592522 0.00502546 0.0043091 0.00373222 0.0032623 0.00287661 0.00255726 0.00229089
0.00112164 0.00123392 0.00136245 0.00151009 0.00168029 0.00187765 0.00210858 0.00238085 0.00270426 0.00309094 0.00355817 0.00412993 0.0048359 0.00571918 0.00683917 0.00827829 0.0101469 0.0125822 0.0156736 0.019217 0.0225824 0.0253239 0.0274256 0.0290175 0.0302246 0.0311424 0.031838 0.0323602 0.0327419 0.0330062 0.0331682 0.0332372 0.0332164 0.0331049 0.0328956 0.0325785 0.0321332 0.0315321 0.0307358 0.029687 0.0283046 0.026479 0.0240747 0.0210017 0.0174666 0.0140964 0.011339 0.00920973 0.00757744 0.00631616 0.0053297 0.00454856 0.00392226 0.00341486 0.00300012 0.00265756 0.00237339
0.00114638 0.00126298 0.00139705 0.00155105 0.00172899 0.00193618 0.00217922 0.00246617 0.0028081 0.00321869 0.00371684 0.00432727 0.00508409 0.0060338 0.0072396 0.00879107 0.0108057 0.0134241 0.0167338 0.0205135 0.0241096 0.027052 0.0293166 0.0310352 0.0323381 0.0333279 0.0340774 0.0346391 0.0350488 0.0353327 0.035506 0.0355796 0.0355573 0.0354375 0.0352136 0.0348724 0.0343934 0.0337465 0.0328879 0.0317556 0.030263 0.0282931 0.0257064 0.0224162 0.0186442 0.0150436 0.0120849 0.00979073 0.00803031 0.00667066 0.00560874 0.00476979 0.00409933 0.00355718 0.00311523 0.00275175 0.00245059
0.00116913 0.00129003 0.00142838 0.00158836 0.00177332 0.00198946 0.00224403 0.0025448 0.00290393 0.00333589 0.0038613 0.00450638 0.00530666 0.00631263 0.00758987 0.00923178 0.0113579 0.0141114 0.0175745 0.0215175 0.0252731 0.0283598 0.0307466 0.032564 0.0339455 0.0349952 0.0357909 0.0363865 0.0368213 0.0371217 0.0373055 0.0373838 0.0373599 0.0372327 0.0369952 0.0366333 0.0361253 0.0354386 0.0345273 0.0333261 0.0317452 0.029665 0.0269446 0.0235011 0.0195658 0.0158054 0.0127015 0.0102839 0.00842306 0.00698269 0.00585751 0.00496911 0.00425924 0.0036868 0.00322094 0.0028378 0.00252162
0.00118918 0.0013134 0.00145666 0.00162192 0.00181397 0.0020384 0.00230213 0.0026153 0.00298935 0.00344037 0.00398957 0.00466432 0.00550192 0.00655386 0.0078888 0.00960124 0.0118123 0.014664 0.0182366 0.0222941 0.026162 0.0293523 0.03183 0.0337232 0.0351664 0.0362657 0.0370989 0.0377235 0.0381794 0.0384947 0.0386878 0.0387697 0.0387443 0.038611 0.0383619 0.0379817 0.0374489 0.036729 0.0357742 0.0345179 0.032868 0.0307045 0.0278862 0.0243345 0.0202843 0.0164117 0.0132033 0.010694 0.00875488 0.00725108 0.00607435 0.00514418 0.00440118 0.00380259 0.00331511 0.00291512 0.00258554
0.00120672 0.00133473 0.00148162 0.00165137 0.00184895 0.00208086 0.00235304 0.00267695 0.00306424 0.00353153 0.00410055 0.00479981 0.00566786 0.00675719 0.00813795 0.00990436 0.0121794 0.0151031 0.0187536 0.0228924 0.0268404 0.0301055 0.0326503 0.0346011 0.0360923 0.0372303 0.0380943 0.0387431 0.0392168 0.0395442 0.0397453 0.0398297 0.0398039 0.0396652 0.0394058 0.0390112 0.0384573 0.0377102 0.0367203 0.0354212 0.0337184 0.0314919 0.028603 0.0249728 0.0208422 0.0168888 0.0136047 0.011028 0.00903017 0.00747621 0.0062575 0.00529404 0.00452357 0.00390234 0.0033974 0.00298293 0.00264111
0.00122147 0.0013518 0.00150242 0.00167617 0.00187883 0.00211621 0.0023965 0.0027291 0.00312753 0.00360834 0.00419347 0.00491317 0.00580555 0.00692441 0.00834013 0.010148 0.0124698 0.0154458 0.0191527 0.0233495 0.0273546 0.0306737 0.0332674 0.0352613 0.036789 0.0379573 0.0388462 0.0395137 0.0400013 0.0403391 0.0405458 0.0406334 0.0406066 0.0404633 0.0401958 0.0397888 0.0392189 0.0384499 0.0374333 0.0361001 0.0343578 0.0320857 0.0291446 0.0254587 0.02127 0.0172593 0.0139206 0.011294 0.00925173 0.00765961 0.00640911 0.00541836 0.00462593 0.00398655 0.00346663 0.00303975 0.00268803
0.0012333 0.00136609 0.00151952 0.00169645 0.00190341 0.00214549 0.00243148 0.00277156 0.00317863 0.00366979 0.00426835 0.00500343 0.00591491 0.00705583 0.0084985 0.0103362 0.0126926 0.0157066 0.0194532 0.0236909 0.0277367 0.0310944 0.0337234 0.035749 0.037304 0.038495 0.0394022 0.0400842 0.0405833 0.0409288 0.0411404 0.0412297 0.0412024 0.0410554 0.0407818 0.0403657 0.0397822 0.0389969 0.0379595 0.0366016 0.0348301 0.0325241 0.0295461 0.0258203 0.0215909 0.0175392 0.0141616 0.011499 0.00942423 0.00780387 0.006529 0.00551737 0.0047077 0.00405411 0.00352192 0.00308562 0.00272577
0.00124248 0.00137699 0.00153218 0.00171171 0.00192121 0.00216754 0.00245774 0.00280317 0.00321692 0.00371628 0.00432471 0.00507136 0.00599659 0.00715443 0.00861546 0.0104752 0.0128556 0.0158952 0.01967 0.0239359 0.0280091 0.0313938 0.0340475 0.0360949 0.0376691 0.038877 0.0397976 0.0404903 0.0409977 0.041349 0.0415644 0.0416555 0.0416266 0.041478 0.0411994 0.0407759 0.0401832 0.0393858 0.0383336 0.0369577 0.0351652 0.0328361 0.0298322 0.0260792 0.0218212 0.0177416 0.0143373 0.0116489 0.00955187 0.00791098 0.00661848 0.00559179 0.00476926 0.00410482 0.00356398 0.00312036 0.00275431
0.00124783 0.00138336 0.00153995 0.00172155 0.0019332 0.00218219 0.00247528 0.00282443 0.00324269 0.00374796 0.00436225 0.00511693 0.00605189 0.00722026 0.00869394 0.0105678 0.0129637 0.0160204 0.0198128 0.0240966 0.028188 0.0315896 0.0342589 0.0363211 0.0379081 0.0391261 0.040056 0.0407559 0.0412686 0.041624 0.0418417 0.0419337 0.0419052 0.0417545 0.0414725 0.0410445 0.0404455 0.0396398 0.0385778 0.0371902 0.0353846 0.0330399 0.0300194 0.0262488 0.0219728 0.0178755 0.0144535 0.0117491 0.00963658 0.00798239 0.00667853 0.00564178 0.0048106 0.00413893 0.00359181 0.0031431 0.00277351
0.00125022 0.00138675 0.00154331 0.0017261 0.00193945 0.00218901 0.00248435 0.00283543 0.00325593 0.0037639 0.0043821 0.00514101 0.00608082 0.00725485 0.00873548 0.0106164 0.013021 0.0160864 0.0198883 0.0241816 0.0282823 0.0316927 0.0343708 0.0364404 0.0380342 0.039258 0.0401927 0.0408963 0.0414118 0.0417698 0.0419888 0.0420816 0.0420526 0.0419007 0.0416175 0.0411865 0.0405844 0.0397743 0.0387069 0.037313 0.0355001 0.0331475 0.0301183 0.0263383 0.022053 0.0179457 0.0145149 0.0118019 0.00968128 0.00802043 0.00670972 0.00566729 0.00483201 0.00415658 0.00360607 0.00315468 0.00278254
0.00124923 0.00138521 0.00154308 0.00172527 0.00193813 0.00218852 0.00248401 0.00283522 0.00325631 0.00376479 0.00438403 0.00514309 0.00608395 0.00725932 0.00874045 0.0106234 0.013029 0.0160964 0.0198997 0.0241947 0.0282974 0.0317094 0.0343893 0.0364601 0.0380547 0.0392803 0.0402156 0.0409199 0.0414364 0.0417944 0.0420134 0.0421062 0.0420773 0.0419255 0.0416419 0.0412105 0.0406076 0.0397966 0.0387282 0.0373331 0.0355186 0.0331645 0.0301337 0.0263525 0.022065 0.0179564 0.0145234 0.0118087 0.0096869 0.00802448 0.00671268 0.00566947 0.00483319 0.00415693 0.00360622 0.00315438 0.00278162
0.00124465 0.00138038 0.00153709 0.00171896 0.00193112 0.00218029 0.00247458 0.00282453 0.00324396 0.00375032 0.00436647 0.00512401 0.00606115 0.00723251 0.00870995 0.0105883 0.0129888 0.0160502 0.019848 0.0241375 0.028234 0.0316409 0.0343152 0.0363815 0.0379722 0.0391937 0.0401257 0.0408281 0.0413426 0.0416992 0.0419179 0.0420099 0.0419813 0.0418296 0.041547 0.0411173 0.0405167 0.0397088 0.0386433 0.0372518 0.0354422 0.033093 0.0300674 0.0262914 0.0220101 0.0179071 0.0144801 0.0117707 0.0096535 0.0079955 0.00668799 0.00564821 0.00481448 0.00414101 0.00359212 0.00314195 0.00277077
0.00123691 0.0013719 0.00152706 0.00170713 0.00191778 0.00216453 0.00245614 0.00280286 0.00321885 0.00372067 0.00433156 0.00508258 0.0060123 0.00717523 0.00864244 0.0105098 0.0128981 0.0159468 0.0197309 0.0240061 0.0280895 0.0314831 0.0341449 0.0362003 0.0377812 0.038994 0.0399195 0.0406159 0.0411259 0.0414794 0.041696 0.0417876 0.0417589 0.0416091 0.0413287 0.0409031 0.0403069 0.0395051 0.0384472 0.0370654 0.035266 0.0329283 0.0299159 0.0261533 0.0218857 0.0177966 0.0143827 0.0116858 0.00958069 0.00793294 0.00663448 0.00560249 0.00477603 0.00410784 0.00356436 0.00311836 0.00275041
0.00122577 0.00135876 0.0015128 0.00169052 0.00189784 0.00214131 0.00242867 0.00277109 0.00318074 0.00367541 0.00427833 0.00501885 0.0059369 0.00708588 0.00853755 0.0103867 0.0127554 0.0157823 0.0195437 0.0237959 0.0278559 0.0312273 0.033869 0.0359062 0.0374707 0.03867 0.0395842 0.0402718 0.040775 0.0411232 0.0413367 0.0414271 0.0413988 0.0412511 0.0409745 0.0405546 0.0399667 0.0391752 0.0381301 0.0367631 0.0349804 0.0326627 0.029671 0.0259311 0.0216862 0.0176203 0.0142286 0.0115528 0.00946675 0.00783606 0.00655187 0.00553292 0.00471677 0.00405835 0.00352211 0.00308243 0.00272013
0.00121199 0.00134276 0.0014934 0.00166836 0.00187209 0.00211054 0.00239291 0.00272832 0.00313011 0.00361534 0.00420645 0.0049329 0.00583448 0.00696398 0.00839249 0.0102156 0.0125551 0.01555 0.0192775 0.0234951 0.0275213 0.0308607 0.0334719 0.035482 0.0370238 0.0382033 0.0391014 0.0397763 0.0402694 0.0406107 0.0408198 0.0409086 0.0408808 0.0407357 0.0404651 0.0400538 0.0394767 0.0386998 0.0376723 0.0363268 0.0345693 0.0322799 0.0293197 0.025613 0.0214029 0.0173709 0.014012 0.011367 0.009308 0.00770193 0.00643931 0.00543839 0.00463775 0.00399158 0.00346578 0.0030352 0.00267993
0.00119443 0.00132274 0.00147011 0.00164101 0.00184007 0.00207322 0.00234851 0.00267572 0.00306695 0.00353982 0.00411573 0.00482421 0.00570365 0.00680729 0.00820473 0.00999168 0.0122908 0.0152409 0.0189207 0.0230891 0.0270664 0.0303595 0.0329295 0.0349022 0.0364118 0.037565 0.0384412 0.0390989 0.0395796 0.0399118 0.0401155 0.0402014 0.0401747 0.0400337 0.0397704 0.0393701 0.0388082 0.0380498 0.0370467 0.0357303 0.0340073 0.0317571 0.0288414 0.025182 0.0210211 0.0170379 0.0137258 0.0111232 0.00910276 0.00752984 0.00629554 0.00531873 0.00453779 0.00390819 0.00339622 0.0029766 0.00263057
0.00117449 0.00129925 0.00144286 0.00160877 0.0018026 0.00202892 0.00229573 0.00261256 0.00299212 0.00344983 0.00400711 0.0046928 0.00554452 0.0066141 0.00797146 0.00971064 0.0119546 0.0148427 0.0184557 0.0225558 0.0264648 0.0296938 0.0322057 0.0341286 0.0355958 0.0367147 0.0375632 0.0381991 0.0386636 0.038985 0.0391813 0.0392641 0.0392385 0.0391026 0.0388481 0.0384615 0.0379179 0.0371846 0.0362122 0.0349338 0.0332576 0.0310617 0.0282063 0.0246136 0.0205216 0.0166063 0.0133587 0.0108149 0.00884605 0.00731695 0.00611961 0.00517344 0.00441781 0.00380864 0.0033133 0.00290721 0.00257226
0.00115187 0.00127272 0.0014118 0.00157234 0.00175937 0.00197814 0.00223557 0.00254047 0.0029052 0.00334503 0.00388047 0.00453866 0.00535596 0.00638397 0.00768924 0.00936606 0.0115359 0.0143394 0.0178599 0.0218627 0.0256771 0.0288174 0.0312512 0.0331075 0.0345199 0.0355942 0.0364083 0.0370178 0.0374628 0.03777 0.0379584 0.0380377 0.0380135 0.0378832 0.0376399 0.037269 0.0367486 0.0360456 0.0351127 0.0338834 0.0322681 0.0301443 0.0273727 0.0238727 0.0198764 0.0160571 0.0128989 0.010434 0.00853303 0.00706115 0.00591084 0.00500227 0.00427728 0.00369288 0.00321717 0.00282728 0.00250528
0.00112612 0.00124291 0.00137726 0.00153259 0.00171167 0.00192171 0.00216796 0.0024599 0.002808 0.00322716 0.00373687 0.00436185 0.00513901 0.00611491 0.0073557 0.00895233 0.011024 0.013712 0.0171023 0.0209684 0.0246487 0.0276665 0.0299948 0.0317635 0.0331058 0.0341256 0.0348975 0.0354747 0.0358967 0.036188 0.0363662 0.0364422 0.0364187 0.0362955 0.0360644 0.0357135 0.0352206 0.0345541 0.0336695 0.0325023 0.0309653 0.0289385 0.0262809 0.0229101 0.019051 0.015366 0.0123306 0.00997323 0.00816091 0.00676133 0.00566849 0.00480589 0.00411762 0.00356162 0.00310931 0.00273729 0.00243028
