data/model 3/G.grd
DSAA
101 101
0 80000
0 80000
0.000179965 0.0421062
[rows 26 to 51 of 101, columns 0 to 56 of 101]
0.000439689 0.000469438 0.000502142 0.000538347 0.000578523 0.000624734 0.000676838 0.000736962 0.000805027 0.00088477 0.000978004 0.0010879 0.00121993 0.00137851 0.00157286 0.00181158 0.00211065 0.00248787 0.00297059 0.00359499 0.00441018 0.00548173 0.00689103 0.00871926 0.0109983 0.0135958 0.0161578 0.0183305 0.0199735 0.0211043 0.0217859 0.0220689 0.0219774 0.0215028 0.0206065 0.0192297 0.01732 0.014923 0.012294 0.00982756 0.00777399 0.0061677 0.00494199 0.00401139 0.00330316 0.00275918 0.00233785 0.00200735 0.00174585 0.00153631 0.00136764 0.00123008 0.00111714 0.00102417 0.000947585 0.000883907 0.000831591
0.000450225 0.000480365 0.000513038 0.000550087 0.000591139 0.000637225 0.000689704 0.000749797 0.000819034 0.000898277 0.000991464 0.00110104 0.00123147 0.00138892 0.00157961 0.0018144 0.00210776 0.00247717 0.00294824 0.00355607 0.00434847 0.00538889 0.00675677 0.00853361 0.0107525 0.0132838 0.0157813 0.0178956 0.0194907 0.0205881 0.0212478 0.0215224 0.0214333 0.0209736 0.0201057 0.0187697 0.0169135 0.0145786 0.0120164 0.00961345 0.0076158 0.00605628 0.00486623 0.00396241 0.00327331 0.00274333 0.00233154 0.00200838 0.00175157 0.00154572 0.00137882 0.00124295 0.00113102 0.00103846 0.000961832 0.000898172 0.000845884
0.00045987 0.00049073 0.000524278 0.000561593 0.000603302 0.000649747 0.000702148 0.000762287 0.000830751 0.000910033 0.00100242 0.00111023 0.00123877 0.00139224 0.00157873 0.00180718 0.00209047 0.0024454 0.0028969 0.00347745 0.00423138 0.00521927 0.00651758 0.00820371 0.0103126 0.0127225 0.0151005 0.017109 0.018621 0.0196585 0.0202819 0.0205409 0.0204576 0.0200231 0.0192028 0.0179383 0.0161772 0.0139568 0.0115164 0.00923026 0.00733362 0.00585406 0.00472528 0.00386654 0.0032102 0.00270325 0.00230792 0.00199659 0.00174804 0.00154789 0.00138521 0.00125194 0.00114194 0.00105054 0.000974612 0.000911682 0.000859172
0.000470688 0.000501813 0.000535361 0.000572974 0.000615683 0.000661745 0.000714803 0.000774168 0.000842304 0.000920691 0.00101067 0.00111683 0.00124221 0.00139122 0.00157044 0.00178982 0.00205922 0.00239635 0.00282109 0.00336403 0.00406555 0.00497919 0.00617513 0.0077267 0.00966671 0.0118851 0.0140731 0.0159179 0.0173039 0.0182544 0.0188259 0.0190632 0.0189868 0.0185891 0.0178384 0.0166795 0.0150641 0.0130227 0.0107763 0.00867286 0.00692901 0.00556739 0.00452522 0.00372904 0.00311698 0.00264188 0.00226887 0.00197291 0.00173592 0.00154381 0.00138714 0.00125794 0.00115062 0.00106123 0.000986516 0.000923931 0.000871897
0.000481303 0.000512553 0.00054718 0.000584902 0.000627071 0.000674056 0.000726347 0.000786205 0.000853028 0.000930023 0.00101864 0.00112197 0.00124304 0.00138582 0.00155721 0.00176483 0.00201799 0.00233209 0.00272481 0.003222 0.00385842 0.00468005 0.00574474 0.00711492 0.00881724 0.0107584 0.0126704 0.0142843 0.0155005 0.0163376 0.0168425 0.0170528 0.0169852 0.0166337 0.015971 0.014953 0.0135387 0.0117544 0.00979152 0.00794907 0.00641492 0.00520831 0.00427665 0.00355796 0.00300024 0.0025637 0.00221765 0.00194118 0.00171775 0.00153539 0.00138568 0.00126111 0.00115748 0.0010705 0.000997358 0.00093603 0.00088452
0.000492074 0.000524106 0.00055892 0.000596626 0.000639312 0.000686257 0.000738502 0.000797367 0.000863717 0.000939217 0.00102575 0.00112507 0.00124173 0.00137817 0.00154026 0.00173451 0.00196977 0.00225839 0.00261459 0.00306079 0.00362381 0.0043395 0.00525211 0.00640425 0.00781069 0.00939466 0.0109513 0.0122761 0.0132872 0.0139913 0.0144201 0.0145995 0.0145418 0.0142434 0.0136836 0.0128326 0.0116647 0.010208 0.00861102 0.00710095 0.00582277 0.00479859 0.00399381 0.00336357 0.00286708 0.00247358 0.00215811 0.0019033 0.00169512 0.00152378 0.00138181 0.00126292 0.0011632 0.0010788 0.00100789 0.000947833 0.000896682
0.000503517 0.000535768 0.000570785 0.000609305 0.000652342 0.000698685 0.000750836 0.000809158 0.000874445 0.000948334 0.00103228 0.00112847 0.00124017 0.00136973 0.00152177 0.0017021 0.00191791 0.00217932 0.0024979 0.0028904 0.00337715 0.00398308 0.00473659 0.00566121 0.00675526 0.00795818 0.0091369 0.0101571 0.0109536 0.0115198 0.0118689 0.0120165 0.0119696 0.0117254 0.0112726 0.0105951 0.00968635 0.00857698 0.00737056 0.00621236 0.00520314 0.00437006 0.00369786 0.00315877 0.00272654 0.00237741 0.0020945 0.00186226 0.00167021 0.00151083 0.00137724 0.00126462 0.0011688 0.00108789 0.00101856 0.000959597 0.000909681
0.000515242 0.000547922 0.000583245 0.000621912 0.000664879 0.000711879 0.000764085 0.000821446 0.000885929 0.000958229 0.00104002 0.0011328 0.00123817 0.00136075 0.00150283 0.00166969 0.00186677 0.00210089 0.00238257 0.002722 0.00313479 0.00363553 0.00424019 0.00495705 0.00577568 0.0066512 0.00750416 0.00825655 0.00885894 0.00929715 0.00957178 0.00968862 0.00965206 0.00945956 0.00910656 0.00858884 0.00791108 0.00710302 0.006231 0.00537907 0.00461137 0.00395471 0.00340729 0.00295698 0.00258692 0.00228243 0.0020304 0.00182133 0.00164587 0.00149812 0.00137315 0.0012663 0.00117518 0.001097 0.00102983 0.000972259 0.000923125
0.000527389 0.000560444 0.000596306 0.000635849 0.000678867 0.000726046 0.000777879 0.000835443 0.000898628 0.000969455 0.00104873 0.00113778 0.0012391 0.00135456 0.00148713 0.0016406 0.00181874 0.00202747 0.00227343 0.00256532 0.00291053 0.00331887 0.00379587 0.00434286 0.00494723 0.00557794 0.00618869 0.00673328 0.00717896 0.00750975 0.00772046 0.00781143 0.00778306 0.00763531 0.00736673 0.00698088 0.0064856 0.00590602 0.00528233 0.00466335 0.00408832 0.00357912 0.00314062 0.0027692 0.00245641 0.00219299 0.001971 0.00178336 0.00162408 0.00148789 0.00137083 0.00127019 0.00118317 0.0011074 0.00104235 0.000985907 0.000937257
0.000540043 0.000574412 0.000610657 0.000650313 0.000693976 0.000741892 0.000793978 0.000850435 0.000913019 0.00098303 0.00106017 0.0011463 0.001243 0.001352 0.00147538 0.00161633 0.00177776 0.00196341 0.00217824 0.00242706 0.00271441 0.00304501 0.00342084 0.00383781 0.0042857 0.00474373 0.00518406 0.00557915 0.00590689 0.00615347 0.00631274 0.00638214 0.00636097 0.00624971 0.00604893 0.00576354 0.00540286 0.0049849 0.0045353 0.00408298 0.00365188 0.0032582 0.00290884 0.00260426 0.0023413 0.00211451 0.00191961 0.00175207 0.00160676 0.00148137 0.00137192 0.00127654 0.00119308 0.00112054 0.00105672 0.00100145 0.000953422
0.000553269 0.000588075 0.000626309 0.000666312 0.00071061 0.000757976 0.000810441 0.000868104 0.000930062 0.000998941 0.00107453 0.00115809 0.00125116 0.00135415 0.00146989 0.00160008 0.0017462 0.00191187 0.00210032 0.00231254 0.0025526 0.00282103 0.00311861 0.00344034 0.00377674 0.00411505 0.00443824 0.00472818 0.00497007 0.00515433 0.00527424 0.00532752 0.00531178 0.00522805 0.00507791 0.00486692 0.00460241 0.00429687 0.00396761 0.00363117 0.00330405 0.00299782 0.00271851 0.00246803 0.00224639 0.00205106 0.00187945 0.00172897 0.00159674 0.00148036 0.00137756 0.00128689 0.00120652 0.00113571 0.00107347 0.00101888 0.000970841
0.000567952 0.000603325 0.000641594 0.000683198 0.000728405 0.000777559 0.000829835 0.000886924 0.000949943 0.00101784 0.00109236 0.00117383 0.00126366 0.00136298 0.00147222 0.0015933 0.00172715 0.00187674 0.00204199 0.00222522 0.00242751 0.00264917 0.00288756 0.00313965 0.00339759 0.00365365 0.00389567 0.0041122 0.00429422 0.0044327 0.00452374 0.0045642 0.00455264 0.00448983 0.0043773 0.00421925 0.0040222 0.00379457 0.0035473 0.00329243 0.00303947 0.00279751 0.00257107 0.00236334 0.00217452 0.0020047 0.00185277 0.00171648 0.0015953 0.00148624 0.00138912 0.00130189 0.00122446 0.00115501 0.00109339 0.00103884 0.000990692
0.000583057 0.00062015 0.000659595 0.000701912 0.000747961 0.000797615 0.000851113 0.000909259 0.000972291 0.00104105 0.00111484 0.00119573 0.00128399 0.00137922 0.00148357 0.00159759 0.0017222 0.00185799 0.00200609 0.00216708 0.0023402 0.00252593 0.00272172 0.00292359 0.00312748 0.00332583 0.00351233 0.0036781 0.00381769 0.00392375 0.00399389 0.00402558 0.00401661 0.0039691 0.00388319 0.00376284 0.00361267 0.0034386 0.00324849 0.00304973 0.00284967 0.00265401 0.00246687 0.0022913 0.00212864 0.0019789 0.0018421 0.00171722 0.00160358 0.00150094 0.00140765 0.0013235 0.00124694 0.00117826 0.00111694 0.00106181 0.001013
0.000599299 0.000637349 0.000677976 0.000722089 0.000769621 0.000820598 0.00087575 0.000934999 0.000999351 0.00106802 0.00114306 0.00122365 0.00131103 0.00140442 0.0015061 0.00161509 0.00173272 0.00185912 0.00199443 0.00213838 0.00229055 0.00245012 0.00261522 0.00278221 0.00294837 0.00310737 0.00325534 0.00338643 0.00349631 0.00357992 0.00363531 0.00366005 0.0036538 0.0036166 0.00354981 0.00345557 0.00333772 0.00320054 0.00304977 0.00288982 0.00272644 0.00256371 0.00240515 0.00225296 0.00210904 0.00197416 0.00184838 0.00173187 0.00162406 0.00152495 0.00143404 0.00135094 0.00127509 0.0012066 0.00114405 0.00108805 0.00103838
0.000616737 0.000656189 0.000698558 0.000744183 0.000793225 0.000846032 0.000902873 0.000964341 0.00102997 0.0011006 0.00117742 0.00125855 0.00134658 0.00144025 0.0015402 0.00164732 0.00176085 0.00188088 0.00200777 0.0021408 0.00227821 0.00242012 0.00256418 0.00270773 0.00284733 0.0029799 0.00310251 0.00320958 0.00329881 0.00336715 0.0034122 0.00343284 0.0034278 0.00339773 0.00334398 0.00326794 0.00317236 0.00306038 0.00293565 0.00280235 0.00266342 0.0025235 0.00238441 0.00224842 0.00211739 0.00199214 0.00187378 0.00176197 0.00165759 0.0015601 0.00146996 0.00138662 0.00131011 0.00123966 0.00117621 0.00111856 0.00106675
0.000635225 0.000676399 0.000720552 0.000768017 0.000819284 0.000874742 0.000933599 0.00099728 0.00106542 0.00113901 0.00121732 0.00130207 0.00139138 0.00148687 0.00158847 0.00169521 0.00180788 0.00192549 0.00204781 0.00217392 0.00230342 0.0024343 0.00256452 0.00269262 0.00281618 0.0029322 0.00303696 0.0031287 0.00320474 0.00326264 0.00330092 0.00331838 0.00331461 0.00328961 0.00324446 0.00318044 0.00309908 0.00300359 0.00289641 0.00277958 0.00265738 0.00253123 0.00240417 0.0022782 0.00215462 0.00203464 0.00191969 0.00180977 0.00170587 0.00160792 0.00151613 0.00143117 0.00135234 0.00127978 0.00121343 0.00115314 0.00109897
0.000655228 0.00069786 0.000744673 0.000794553 0.00084783 0.000905632 0.00096782 0.00103455 0.00110656 0.0011837 0.00126591 0.00135396 0.00144753 0.00154652 0.00165064 0.00176067 0.00187523 0.00199398 0.00211638 0.00224128 0.00236686 0.00249315 0.00261662 0.00273659 0.00285004 0.00295578 0.00305104 0.00313357 0.00320114 0.00325291 0.00328688 0.00330225 0.00329914 0.00327702 0.00323765 0.00318057 0.00310857 0.00302284 0.00292549 0.0028188 0.00270538 0.00258695 0.00246558 0.00234406 0.0022225 0.00210372 0.00198799 0.00187662 0.0017702 0.00166925 0.00157399 0.0014853 0.00140217 0.00132607 0.00125629 0.00119243 0.00113493
0.000676021 0.00072113 0.000769908 0.000822395 0.000879252 0.000940462 0.00100601 0.00107692 0.00115324 0.00123518 0.00132248 0.00141569 0.00151486 0.00161996 0.0017302 0.00184584 0.00196594 0.00208972 0.0022158 0.00234332 0.00247182 0.00259783 0.00272068 0.0028383 0.00294859 0.00304981 0.00314043 0.00321847 0.00328194 0.00332988 0.00336161 0.00337633 0.00337307 0.00335309 0.00331626 0.00326329 0.00319546 0.00311432 0.00302162 0.00291871 0.00280817 0.00269153 0.00257058 0.0024475 0.00232416 0.00220157 0.00208139 0.00196475 0.00185271 0.00174575 0.00164472 0.0015501 0.00146186 0.00138021 0.00130571 0.00123721 0.00117571
0.000698111 0.000745802 0.000797375 0.000852989 0.000913027 0.000978641 0.00104876 0.00112437 0.00120619 0.0012936 0.00138826 0.00148809 0.0015954 0.00170873 0.00182825 0.0019527 0.00208227 0.00221465 0.00234989 0.00248561 0.00262023 0.00275221 0.00287954 0.00300035 0.00311302 0.00321539 0.00330557 0.00338281 0.00344573 0.00349276 0.00352371 0.00353761 0.00353521 0.0035157 0.00347951 0.00342742 0.00336052 0.0032798 0.00318672 0.00308231 0.00296936 0.00284871 0.00272272 0.00259311 0.00246217 0.00233131 0.00220214 0.00207605 0.00195479 0.00183937 0.00172946 0.00162679 0.00153086 0.00144248 0.00136141 0.00128722 0.00122053
0.000721759 0.000772284 0.00082678 0.000885505 0.000950674 0.00101987 0.00109528 0.00117729 0.00126545 0.0013603 0.00146297 0.00157288 0.00169076 0.00181501 0.00194661 0.00208441 0.00222684 0.0023739 0.00252255 0.00267159 0.00281934 0.00296273 0.0031 0.00322985 0.00334934 0.00345693 0.00355181 0.00363192 0.00369656 0.00374521 0.00377698 0.0037915 0.00378876 0.00376838 0.00373143 0.0036777 0.00360823 0.00352381 0.00342583 0.00331542 0.00319449 0.00306439 0.00292771 0.00278585 0.0026416 0.00249751 0.00235401 0.00221452 0.00207995 0.00195145 0.00183007 0.00171656 0.00161066 0.00151335 0.00142387 0.00134337 0.00127004
0.000746858 0.000800361 0.000858241 0.000921418 0.000990395 0.00106535 0.00114681 0.00123516 0.00133143 0.00143604 0.00154846 0.00167061 0.00180078 0.00194073 0.00208793 0.00224347 0.00240526 0.00257164 0.00274055 0.00290994 0.00307636 0.00323801 0.00339145 0.0035357 0.00366748 0.00378537 0.00388833 0.00397496 0.00404469 0.00409649 0.00413039 0.00414571 0.00414253 0.00412094 0.00408127 0.00402346 0.0039487 0.0038569 0.0037495 0.00362789 0.00349323 0.00334802 0.00319389 0.00303338 0.00286964 0.00270496 0.00254198 0.00238314 0.00223039 0.00208469 0.00194805 0.0018205 0.00170209 0.00159397 0.00149516 0.00140559 0.001325
0.000772316 0.000829145 0.000891457 0.000959114 0.00103328 0.00111391 0.00120282 0.00129924 0.00140489 0.00151977 0.0016456 0.00178166 0.0019291 0.00208704 0.00225588 0.00243428 0.00262189 0.00281488 0.00301147 0.00320872 0.00340264 0.00359032 0.00376736 0.00393268 0.00408279 0.00421598 0.00433157 0.00442784 0.00450541 0.00456216 0.00459966 0.00461603 0.00461263 0.00458872 0.00454453 0.00448062 0.00439703 0.00429405 0.00417262 0.00403417 0.00388002 0.00371234 0.00353318 0.00334649 0.00315467 0.00296221 0.00277191 0.00258679 0.00240959 0.00224168 0.00208511 0.00193961 0.00180614 0.00168405 0.00157344 0.00147415 0.00138486
0.000799868 0.000860188 0.000926619 0.000999123 0.00107913 0.00116651 0.00126303 0.00136877 0.00148561 0.00161362 0.00175422 0.00190788 0.00207554 0.00225711 0.00245346 0.00266277 0.00288297 0.00311207 0.00334651 0.003582 0.00381333 0.00403638 0.00424673 0.00444063 0.00461592 0.00477073 0.00490339 0.00501356 0.00510081 0.00516513 0.00520673 0.00522563 0.0052212 0.00519429 0.00514445 0.00507128 0.0049756 0.00485744 0.00471722 0.00455556 0.00437426 0.0041754 0.00396213 0.0037386 0.00350882 0.00327822 0.0030508 0.00283101 0.00262155 0.00242532 0.00224309 0.00207574 0.00192311 0.00178485 0.00166029 0.00154933 0.00144974
0.000827797 0.000892323 0.000963465 0.00104128 0.00112774 0.00122273 0.00132809 0.00144446 0.00157347 0.00171655 0.0018748 0.00204974 0.00224224 0.00245392 0.00268372 0.00293234 0.00319656 0.00347387 0.00375963 0.00404695 0.00432982 0.00460085 0.00485573 0.00508868 0.00529733 0.00547975 0.00563507 0.00576287 0.00586347 0.00593773 0.00598515 0.00600603 0.00600101 0.00596967 0.00591222 0.00582802 0.00571692 0.00557862 0.00541325 0.00522091 0.00500347 0.00476319 0.00450313 0.00422958 0.00394793 0.00366536 0.00338831 0.00312212 0.00287123 0.0026382 0.00242433 0.00222979 0.00205435 0.0018966 0.00175604 0.00163084 0.0015201
0.000856881 0.000925416 0.00100141 0.00108557 0.00117883 0.00128232 0.00139738 0.00152619 0.00166927 0.00182982 0.00200817 0.00220823 0.00243138 0.00267867 0.00295178 0.0032503 0.00357275 0.00391431 0.00426898 0.00462752 0.00498068 0.00531778 0.0056319 0.00591659 0.0061686 0.00638667 0.00657015 0.00672059 0.00683757 0.00692301 0.00697739 0.00700162 0.00699572 0.00695957 0.00689268 0.00679451 0.00666416 0.00650034 0.00630328 0.00607142 0.00580644 0.00551009 0.0051876 0.00484549 0.00449281 0.00413947 0.00379542 0.0034686 0.00316346 0.00288373 0.00263013 0.00240275 0.00219939 0.00201907 0.00185935 0.00171894 0.0015949
0.000886567 0.000959944 0.00104104 0.00113127 0.00123206 0.0013445 0.00147086 0.00161299 0.00177164 0.00195176 0.00215427 0.00238364 0.0026421 0.00293317 0.00326057 0.00362368 0.00402142 0.00444974 0.00489904 0.00535622 0.00580601 0.0062329 0.00662667 0.00697905 0.00728682 0.00754993 0.00776878 0.00794575 0.00808289 0.00818269 0.00824518 0.00827334 0.00826585 0.00822384 0.00814563 0.00803084 0.00787697 0.00768278 0.00744521 0.00716312 0.00683648 0.00646698 0.00605911 0.00562313 0.00517203 0.00472169 0.00428693 0.00387788 0.00350309 0.00316412 0.00286245 0.00259516 0.00235938 0.0021524 0.00197155 0.00181307 0.00167439
