data/model 3/G.grd
DSAA
101 101
0 80000
0 80000
0.000179965 0.0421062
[rows 0 to 25 of 101, columns 0 to 56 of 101]
0.000179965 0.000187031 0.000194785 0.000203164 0.000211856 0.000221111 0.000230928 0.000241058 0.000251313 0.000262569 0.000275075 0.000286831 0.000299431 0.000313219 0.000326632 0.000340858 0.000355334 0.000370685 0.000385349 0.000400294 0.000415395 0.000430152 0.000444503 0.000457979 0.00047061 0.00048271 0.000494122 0.00050308 0.000509927 0.000516211 0.000520432 0.000522699 0.000523074 0.000521495 0.000518267 0.000513217 0.000506339 0.000498304 0.000489112 0.000478345 0.000467499 0.000455092 0.000442465 0.000430164 0.000417224 0.000405042 0.000392712 0.000380878 0.00036913 0.000358925 0.000348616 0.000339365 0.000330923 0.000323517 0.000316994 0.000311885 0.000307439
0.000187219 0.000195348 0.000203602 0.000212794 0.000222236 0.000231866 0.000242434 0.000253689 0.000265445 0.000278139 0.000291958 0.00030534 0.000319191 0.000334386 0.000350144 0.000366308 0.000383473 0.000400669 0.000417709 0.00043528 0.00045282 0.000470423 0.000487181 0.000503345 0.00051854 0.000532923 0.000545538 0.000556622 0.00056572 0.000572395 0.000577601 0.000580259 0.000580775 0.000578523 0.000573857 0.000568081 0.000559108 0.000549759 0.000537906 0.000525376 0.000511762 0.00049708 0.000482327 0.000467148 0.000451995 0.000437187 0.000421914 0.000408345 0.000395104 0.000382297 0.000370885 0.000360217 0.000350637 0.000342354 0.000334238 0.000328481 0.000323165
0.000195223 0.000204039 0.000213044 0.000222549 0.000232679 0.000244122 0.000255815 0.000268259 0.00028114 0.000294522 0.000309561 0.00032485 0.000341327 0.000358054 0.000375625 0.000394385 0.000414332 0.000434092 0.000453946 0.000474612 0.000495185 0.000516039 0.000535893 0.000555152 0.000573537 0.000590358 0.000605865 0.000619028 0.000629971 0.00063871 0.000644025 0.000647355 0.000647605 0.0006449 0.000639366 0.000631667 0.000621318 0.000608933 0.000594784 0.000578621 0.000562538 0.000544219 0.00052638 0.000508555 0.000490308 0.000472502 0.000455228 0.000439075 0.00042345 0.000408493 0.000395095 0.000382253 0.000371189 0.000361296 0.000352334 0.000345407 0.000339521
0.000203789 0.000212669 0.000222736 0.000233242 0.000244247 0.000255815 0.00026926 0.000282454 0.000297023 0.000312219 0.000328727 0.000345798 0.000364432 0.000383692 0.000404139 0.000425119 0.000448068 0.000470704 0.000494841 0.000518884 0.000543522 0.000567721 0.000591796 0.000614682 0.000637428 0.000657407 0.000676072 0.000692627 0.000705509 0.000716092 0.000723018 0.000726941 0.000726723 0.000723526 0.000716045 0.000706716 0.000693902 0.0006782 0.000660715 0.000640785 0.000620643 0.000599339 0.000577332 0.000555207 0.00053354 0.000512444 0.00049189 0.000472334 0.000453987 0.000436476 0.000420703 0.00040671 0.000392944 0.000381982 0.000371854 0.000363307 0.000356256
0.000212481 0.000221923 0.000233367 0.000244059 0.00025569 0.000269322 0.000282766 0.000298212 0.000314157 0.000331134 0.000349081 0.00036956 0.000389538 0.000411299 0.000435186 0.000459198 0.000485586 0.000512412 0.000540239 0.000569003 0.000597611 0.00062697 0.000656359 0.000684014 0.00071109 0.000736071 0.000758707 0.000778264 0.000795429 0.000807701 0.000816517 0.000820754 0.000820441 0.000815556 0.000807169 0.00079442 0.000778586 0.000758998 0.000737197 0.000713068 0.000687752 0.000661096 0.0006342 0.000607937 0.000581845 0.000556896 0.000532641 0.000509028 0.000487667 0.000467678 0.000448597 0.000432274 0.000417308 0.000403823 0.000391864 0.000382074 0.00037425
0.000221236 0.000231616 0.000243059 0.000255127 0.000268697 0.000282641 0.000298337 0.000314282 0.000332135 0.000351332 0.000371373 0.000393415 0.000417115 0.000441783 0.000468297 0.000497436 0.000526669 0.000558279 0.000591014 0.000625094 0.000659892 0.000695535 0.000730177 0.000764429 0.000798055 0.000828789 0.000856803 0.000880987 0.000901966 0.000917537 0.000928105 0.00093299 0.000933052 0.000927143 0.00091577 0.00089943 0.000879245 0.000854472 0.000826778 0.000797129 0.000765468 0.000733468 0.000700975 0.000668639 0.000636498 0.000605748 0.000577167 0.000549853 0.000524526 0.000500568 0.000479064 0.000459677 0.000442123 0.000426971 0.00041323 0.000401888 0.000392579
0.00022999 0.000241746 0.000254064 0.000267196 0.000281078 0.000297336 0.000313375 0.000332041 0.000351832 0.000372499 0.000395198 0.000420054 0.000446348 0.0004748 0.000505253 0.000538488 0.000572974 0.000610149 0.000649106 0.000689345 0.000731147 0.000773871 0.000816705 0.00085907 0.000900075 0.000938297 0.000973596 0.0010046 0.00103005 0.0010497 0.00106295 0.00106876 0.00106866 0.00105986 0.00104607 0.00102487 0.000998838 0.000968001 0.000933201 0.000895874 0.000856545 0.000816314 0.000775997 0.000736345 0.000698158 0.000661901 0.000626778 0.000594416 0.000564412 0.000536278 0.000511666 0.000489393 0.000469047 0.000451226 0.00043589 0.000422875 0.000412269
0.000239432 0.000251188 0.000265007 0.00027964 0.000295273 0.000311781 0.00033054 0.000350363 0.000371811 0.00039476 0.000420429 0.000448255 0.000477645 0.000510192 0.000545429 0.000583292 0.000624218 0.000668021 0.000714388 0.000762381 0.000813063 0.000864792 0.000917896 0.000969953 0.00102121 0.00106928 0.00111362 0.0011525 0.001185 0.00120997 0.00122675 0.00123409 0.00123344 0.00122296 0.00120414 0.0011775 0.00114333 0.00110417 0.00105988 0.00101228 0.000962934 0.00091262 0.000863017 0.000814501 0.000768001 0.000723752 0.000681818 0.00064355 0.000608389 0.000576042 0.000546773 0.000520631 0.000497155 0.000476621 0.00045955 0.00044421 0.0004322
0.000249062 0.000262569 0.000276701 0.000292396 0.000309092 0.000326695 0.00034758 0.000368653 0.000392946 0.000418897 0.000447286 0.000477895 0.000511912 0.000549149 0.000589576 0.000633254 0.000680653 0.000732241 0.000787237 0.000845829 0.000907078 0.000971157 0.00103658 0.00110171 0.00116586 0.00122679 0.00128331 0.00133338 0.0013747 0.00140734 0.00142842 0.00143802 0.00143632 0.00142271 0.00139789 0.00136315 0.00131976 0.00126837 0.0012117 0.00115097 0.00108851 0.00102569 0.000963861 0.00090403 0.000846947 0.000793566 0.000743972 0.000697855 0.000656082 0.000618284 0.00058473 0.00055407 0.000527287 0.000504111 0.000483789 0.000466671 0.000452842
0.000259692 0.000273074 0.000288269 0.000305121 0.000323537 0.000343641 0.000365495 0.000388976 0.000415395 0.000443816 0.000475238 0.000509974 0.000548305 0.000590983 0.000637068 0.000687938 0.000743528 0.000804777 0.000870232 0.00094072 0.00101596 0.00109448 0.00117648 0.00125858 0.0013405 0.00141897 0.00149121 0.0015555 0.00160952 0.00165112 0.00167879 0.00169123 0.00168861 0.0016703 0.00163784 0.00159213 0.00153495 0.0014686 0.00139454 0.00131718 0.00123762 0.00115813 0.00108024 0.00100636 0.000936257 0.000871338 0.000811697 0.000757044 0.000708254 0.000663847 0.000624562 0.000589678 0.000559561 0.000532383 0.000509688 0.000490005 0.000473921
0.000268947 0.000284017 0.00030065 0.000318503 0.000338419 0.000359836 0.000383754 0.000409205 0.000438031 0.000470079 0.000504877 0.000543678 0.000587356 0.000634974 0.000688719 0.000747592 0.000812625 0.000884411 0.000963513 0.00104877 0.00114155 0.00123935 0.00134205 0.00144671 0.00155159 0.00165331 0.00174787 0.00183257 0.00190305 0.00195699 0.00199336 0.00200986 0.00200572 0.00198141 0.001938 0.00187766 0.00180227 0.00171419 0.0016184 0.00151698 0.00141473 0.00131347 0.0012155 0.00112372 0.00103767 0.000958727 0.000887109 0.00082281 0.000764624 0.000713138 0.000667185 0.000627431 0.000592734 0.000562226 0.000536159 0.000514279 0.000495902
0.000279827 0.000295992 0.000313719 0.000332541 0.000353802 0.000376594 0.000402545 0.000430559 0.000462481 0.000497436 0.000536112 0.000579602 0.000628564 0.000682685 0.000743997 0.000811781 0.000888475 0.000973612 0.00106839 0.00117252 0.00128638 0.00140906 0.00153916 0.00167359 0.00180992 0.00194262 0.00206766 0.00217925 0.00227309 0.00234527 0.0023927 0.002414 0.00240827 0.00237588 0.0023184 0.00223681 0.00213591 0.00201976 0.00189274 0.00175978 0.00162666 0.00149687 0.00137329 0.00125812 0.00115216 0.00105629 0.000970198 0.000893493 0.000825369 0.00076568 0.000712974 0.000667138 0.000627685 0.00059339 0.000563872 0.000539003 0.000518442
0.000290333 0.000307216 0.000325913 0.000346611 0.000369091 0.000393916 0.000421898 0.000452789 0.000486743 0.000525732 0.000568628 0.000616902 0.000672211 0.000733992 0.000803245 0.000882378 0.000971704 0.00107221 0.00118559 0.00131289 0.00145351 0.00160819 0.00177425 0.00194839 0.00212745 0.00230372 0.00247003 0.00261982 0.00274528 0.00284225 0.00290544 0.00293412 0.0029262 0.00288217 0.00280412 0.00269463 0.00255849 0.00240139 0.00223223 0.00205646 0.00188137 0.00171303 0.00155605 0.0014114 0.00128117 0.00116463 0.00106152 0.000970508 0.000890672 0.000821379 0.000761302 0.000709065 0.000664113 0.000624869 0.00059229 0.000564559 0.00054154
0.000300682 0.000318722 0.000338857 0.000360899 0.000385036 0.0004118 0.000442096 0.000475206 0.00051285 0.000555059 0.000602457 0.000655703 0.000717108 0.000786393 0.00086623 0.000956963 0.00106141 0.00118011 0.00131666 0.00147084 0.00164578 0.00184072 0.00205402 0.00228293 0.00252015 0.0027566 0.00298231 0.00318494 0.00335534 0.00348624 0.00357141 0.00360939 0.00359788 0.00353855 0.00343243 0.00328342 0.00309852 0.00288522 0.00265558 0.00242005 0.0021887 0.00196955 0.00176824 0.0015867 0.00142532 0.00128399 0.0011609 0.00105353 0.000960464 0.000880377 0.00081128 0.000751719 0.000701038 0.000657454 0.000621314 0.000590107 0.000564863
0.000311531 0.00033054 0.000351707 0.000375469 0.000401294 0.000429308 0.000461481 0.00049778 0.000538675 0.000584792 0.000636818 0.000696223 0.000763788 0.00084214 0.000932372 0.00103707 0.00115747 0.00129804 0.001461 0.00164907 0.00186545 0.00211151 0.002388 0.00268969 0.00300791 0.00333055 0.0036391 0.00391748 0.00414991 0.00432747 0.00444243 0.0044932 0.00447793 0.00439687 0.00425267 0.0040494 0.00379473 0.00350135 0.0031864 0.00286671 0.00255772 0.00227103 0.0020129 0.00178452 0.00158642 0.00141452 0.00126771 0.00114148 0.00103397 0.000941814 0.000863506 0.000796846 0.000739727 0.000691385 0.000650645 0.000616254 0.00058825
0.00032263 0.000342765 0.000364995 0.000389757 0.000417302 0.000447536 0.00048296 0.000520885 0.000565001 0.000614651 0.000671554 0.000737275 0.000812359 0.000899418 0.0010012 0.00112011 0.00125966 0.00142381 0.00161711 0.00184488 0.00211261 0.00242423 0.00278195 0.00318254 0.00361496 0.00405955 0.00448852 0.00487345 0.00519265 0.00543385 0.00558892 0.00565685 0.0056357 0.00552657 0.0053303 0.00505107 0.00469948 0.00429175 0.00385411 0.00341581 0.00299953 0.0026227 0.00229172 0.00200551 0.00176189 0.00155551 0.00138146 0.00123448 0.00111061 0.00100561 0.000917079 0.000842006 0.000779225 0.000725226 0.000680256 0.000642643 0.000611907
0.000333479 0.000354583 0.000377845 0.000404483 0.000433373 0.000466108 0.000502689 0.000543959 0.000591077 0.000644666 0.000706509 0.000777998 0.000860962 0.000957635 0.00107147 0.0012062 0.00136596 0.00155643 0.00178447 0.00205857 0.00238677 0.00277907 0.00324139 0.00377434 0.00436552 0.00498463 0.00558507 0.00612135 0.00656055 0.00688594 0.00709344 0.00718336 0.00715454 0.0070091 0.00674494 0.00636395 0.00587587 0.00530458 0.00469126 0.00408386 0.00352198 0.00302667 0.00260333 0.00224721 0.00195143 0.00170512 0.00150105 0.0013311 0.00118905 0.0010706 0.000971191 0.000888188 0.000817952 0.000759072 0.000710356 0.00066911 0.000635075
0.000344641 0.000366277 0.000391008 0.000418772 0.0004496 0.000483804 0.000522918 0.000566627 0.000617715 0.000674712 0.000741339 0.000818769 0.000909798 0.0010162 0.00114254 0.00129333 0.00147425 0.00169317 0.00196004 0.00228495 0.00268315 0.00317041 0.00376245 0.00446724 0.00527547 0.00614082 0.0069862 0.00773131 0.00832818 0.00876139 0.00903339 0.00914935 0.00911259 0.00892192 0.00857196 0.00805875 0.00738701 0.00658598 0.00572231 0.00488046 0.00412406 0.00347867 0.00294401 0.00250644 0.0021505 0.00186041 0.001623 0.0014288 0.00126848 0.00113609 0.00102537 0.000933902 0.000856777 0.000793181 0.000739212 0.00069505 0.000658485
0.00035574 0.000378627 0.000404827 0.000433373 0.000465014 0.000501344 0.000542459 0.000588982 0.000642477 0.000704024 0.00077606 0.000859711 0.000956916 0.00107399 0.00121287 0.00137974 0.00158313 0.00183117 0.00213734 0.00251713 0.002992 0.00358624 0.00432931 0.00524382 0.00632992 0.00752443 0.00869632 0.00971078 0.0105026 0.011065 0.0114118 0.0115583 0.0115116 0.0112684 0.0108184 0.0101453 0.00924096 0.00813797 0.00693828 0.00578802 0.00478802 0.00396439 0.00330259 0.00277486 0.00235411 0.00201685 0.00174586 0.00152615 0.00134736 0.0011998 0.00107893 0.000978616 0.000895194 0.000825896 0.000768067 0.000720317 0.000681094
0.000366371 0.000390132 0.000417396 0.000447161 0.000481459 0.000518884 0.000561875 0.000610774 0.000667677 0.000732647 0.000808717 0.00089798 0.00100335 0.0011291 0.00128028 0.00146367 0.00168848 0.00196565 0.00231177 0.00274798 0.00330094 0.00400819 0.00491102 0.00605559 0.00745502 0.00903217 0.010583 0.0119031 0.0129105 0.0136117 0.0140383 0.0142172 0.0141596 0.0138617 0.0133044 0.012456 0.0112925 0.00984049 0.00824924 0.00674606 0.00547497 0.00445893 0.00366276 0.00304173 0.00255464 0.00217072 0.00186551 0.00162064 0.00142285 0.00126225 0.00113046 0.00102207 0.000932086 0.000857823 0.000796011 0.000745036 0.000703238
0.000377126 0.000402389 0.000430152 0.000461449 0.000496342 0.000536112 0.000580759 0.000632175 0.000691721 0.000759927 0.000840232 0.000935217 0.00104738 0.00118143 0.00134409 0.00154265 0.00178746 0.00209266 0.00247663 0.00296596 0.00359442 0.00440874 0.00546668 0.00683015 0.00852653 0.0104626 0.0123701 0.0139799 0.0151932 0.0160277 0.0165311 0.0167409 0.016673 0.0163225 0.0156618 0.0146462 0.0132353 0.0114554 0.00949646 0.00765979 0.00613104 0.0049309 0.00400592 0.00329466 0.00274425 0.00231525 0.00197773 0.00170952 0.00149466 0.00132041 0.00117903 0.00106258 0.000967132 0.000888042 0.000822837 0.000768865 0.000724763
0.000387569 0.000414082 0.000442721 0.000474987 0.000511349 0.000552088 0.000598924 0.000653029 0.000714169 0.000785924 0.000869903 0.000969156 0.00108704 0.00122972 0.00140216 0.00161416 0.00187713 0.00220676 0.00262516 0.00316197 0.00385755 0.00476611 0.00595657 0.00750232 0.00943794 0.011653 0.0138369 0.0156787 0.0170628 0.0180114 0.0185816 0.0188184 0.0187416 0.0183449 0.0175951 0.0164383 0.0148251 0.0127873 0.0105441 0.00844496 0.00670566 0.00534848 0.00431201 0.0035214 0.00291556 0.00244629 0.00207984 0.00179022 0.00155946 0.0013742 0.00122327 0.00110061 0.000999679 0.000916657 0.00084799 0.000791558 0.000745265
0.000398324 0.000425431 0.000455165 0.000488244 0.0005257 0.000568081 0.000616199 0.000671398 0.00073568 0.000810061 0.000896714 0.00100033 0.00112333 0.00127208 0.00145378 0.00167685 0.00195512 0.00230542 0.00275194 0.00332762 0.00407776 0.0050615 0.00635483 0.00803779 0.0101436 0.0125511 0.0149256 0.0169323 0.0184427 0.0194785 0.020101 0.020359 0.0202761 0.0198425 0.0190233 0.01776 0.0160006 0.0137824 0.011345 0.00906162 0.00716814 0.00569213 0.00456708 0.00371256 0.00306064 0.00255798 0.00216746 0.00186062 0.00161692 0.00142178 0.0012636 0.0011351 0.00102974 0.000943094 0.00087172 0.000812855 0.000764692
0.00040861 0.000436656 0.000466796 0.00050125 0.000539567 0.000583229 0.000632457 0.00068972 0.000755065 0.00083215 0.000921351 0.00102787 0.00115503 0.00130887 0.00149677 0.00172864 0.00201854 0.00238439 0.00285251 0.00345709 0.00424652 0.00528447 0.00665014 0.00842443 0.0106406 0.0131704 0.0156655 0.0177782 0.0193729 0.0204693 0.0211288 0.0214026 0.0213134 0.0208546 0.0199866 0.0186518 0.0167969 0.0144636 0.0119029 0.00950179 0.00750706 0.0059493 0.00476143 0.00386091 0.00317459 0.00264742 0.00223875 0.00191827 0.00166473 0.00146213 0.00129847 0.00116561 0.00105672 0.000967572 0.000893563 0.000832846 0.000782866
0.000419585 0.00044788 0.000478364 0.000514101 0.00055287 0.000597377 0.000648496 0.000706369 0.000773402 0.000851582 0.000943096 0.00105196 0.00118157 0.00133904 0.00153149 0.00176904 0.0020661 0.00244169 0.00292315 0.00354551 0.00435983 0.00542982 0.00683714 0.00866423 0.0109429 0.0135388 0.0161005 0.0182726 0.019915 0.0210453 0.0217268 0.0220099 0.0219181 0.0214434 0.0205477 0.0191708 0.0172623 0.0148664 0.0122377 0.00977209 0.00771929 0.00611451 0.00489005 0.00396102 0.00325354 0.00271153 0.00229139 0.00196286 0.00170237 0.00149494 0.00132762 0.0011916 0.00108018 0.000988653 0.000913495 0.000851299 0.00080015
0.000429527 0.000458667 0.000490511 0.000526201 0.000565908 0.000611524 0.000662956 0.000721939 0.000790114 0.000869122 0.000962129 0.00107185 0.00120349 0.00136252 0.00155659 0.00179676 0.00209637 0.00247622 0.0029624 0.00359206 0.00441431 0.00549576 0.00691764 0.00876169 0.0110605 0.0136781 0.0162608 0.018452 0.0201101 0.0212521 0.0219408 0.0222266 0.0221337 0.0216542 0.0207494 0.0193592 0.017433 0.0150163 0.0123663 0.00987972 0.00780805 0.00618751 0.00495025 0.00401166 0.00329704 0.00274896 0.00232459 0.00199224 0.00172938 0.00151963 0.00135076 0.00121303 0.0011003 0.00100799 0.00093151 0.000868244 0.000816471
