data/model 3/Gx.grd
DSAA
101 101
0 80000
0 80000
-0.0540595 0.0540496
[rows 25 to 49 of 101, columns 0 to 55 of 101]
-0.000342559 -0.000379332 -0.000422174 -0.000472457 -0.000531844 -0.000602489 -0.000687256 -0.000789827 -0.000914802 -0.00106853 -0.00125952 -0.00149882 -0.0018017 -0.00218886 -0.00268893 -0.00334155 -0.00420189 -0.0053468 -0.00688241 -0.00895275 -0.0117429 -0.0154631 -0.0202626 -0.0259427 -0.0312583 -0.0333893 -0.0303807 -0.0241275 -0.0173829 -0.0113114 -0.00600841 -0.00119024 0.00352802 0.00854323 0.0142079 0.0206722 0.02742 0.0324508 0.0328846 0.0287511 0.0229928 0.0176828 0.0134281 0.010196 0.0077882 0.00600228 0.00467339 0.00367741 0.00292384 0.00234736 0.00190107 0.00155128 0.00127352 0.0010498 0.000866846 0.000714659
-0.000349582 -0.000386546 -0.000429597 -0.000479976 -0.000539439 -0.000610103 -0.000694736 -0.000796926 -0.0009215 -0.00107455 -0.00126435 -0.00150202 -0.00180249 -0.00218642 -0.00268183 -0.00332804 -0.00417943 -0.00531184 -0.00683049 -0.00887788 -0.0116382 -0.0153219 -0.0200801 -0.0257205 -0.031007 -0.0331287 -0.0301349 -0.0239168 -0.0172197 -0.0111996 -0.00594746 -0.00117826 0.00349134 0.00845678 0.01407 0.020484 0.0271893 0.0321942 0.0326254 0.0285121 0.0227894 0.0175208 0.0133055 0.0101068 0.00772519 0.00595905 0.00464479 0.0036593 0.00291329 0.00234215 0.00189981 0.0015528 0.00127688 0.00105455 0.000872438 0.000720899
-0.000355994 -0.000392996 -0.000436009 -0.000486197 -0.000545221 -0.000615313 -0.000699049 -0.000799922 -0.00092255 -0.0010729 -0.001259 -0.00149161 -0.0017851 -0.00215921 -0.00264117 -0.00326848 -0.00409354 -0.00518939 -0.00665742 -0.00863613 -0.011306 -0.0148761 -0.019504 -0.0250152 -0.0302045 -0.0322949 -0.0293512 -0.0232513 -0.0167092 -0.010853 -0.00575933 -0.00114116 0.00337911 0.00819012 0.0136413 0.0198931 0.0264576 0.0313752 0.0317971 0.0277515 0.0221464 0.0170108 0.0129187 0.00982226 0.00751992 0.00581282 0.00454153 0.00358717 0.00286341 0.00230823 0.00187729 0.00153855 0.0012686 0.00105054 0.000871541 0.000722197
-0.000362043 -0.000398912 -0.000441562 -0.000491235 -0.000549438 -0.000618309 -0.000700385 -0.000798949 -0.00091837 -0.00106437 -0.00124437 -0.00146869 -0.00175071 -0.00210909 -0.00256915 -0.00316593 -0.00394832 -0.00498444 -0.00636911 -0.00823253 -0.0107464 -0.0141143 -0.0184988 -0.0237552 -0.0287422 -0.0307622 -0.0279202 -0.0220578 -0.0158132 -0.0102558 -0.00543889 -0.00107835 0.00318882 0.00773403 0.0128965 0.018845 0.0251327 0.0298721 0.0302786 0.0263784 0.0210118 0.0161311 0.0122637 0.00934584 0.00717815 0.00556924 0.00436863 0.00346468 0.00277692 0.0022476 0.00183516 0.00150985 0.00124959 0.00103859 0.000864785 0.000719106
-0.000367787 -0.000404274 -0.000446447 -0.000495281 -0.000552301 -0.00061953 -0.000699278 -0.000794713 -0.000909745 -0.00104976 -0.0012217 -0.00143483 -0.00170169 -0.00203898 -0.00246986 -0.00302588 -0.00375112 -0.00470645 -0.00597707 -0.0076795 -0.00996912 -0.0130327 -0.0170279 -0.0218434 -0.0264488 -0.0283228 -0.0256692 -0.0202354 -0.0144893 -0.00939648 -0.00498554 -0.00098997 0.00292097 0.00708422 0.0118117 0.0172716 0.0230769 0.0274864 0.0278721 0.0242576 0.0193218 0.0148643 0.0113446 0.00868939 0.00671205 0.0052388 0.00413411 0.0032981 0.00265853 0.00216361 0.00177598 0.0014685 0.00122126 0.00101968 0.000852782 0.000712236
-0.000373398 -0.000409522 -0.000450932 -0.000498735 -0.000554343 -0.000619454 -0.00069634 -0.000787824 -0.000897532 -0.00103031 -0.00119244 -0.00139216 -0.00164066 -0.00195273 -0.00234853 -0.00285572 -0.00351202 -0.00436963 -0.00550038 -0.00700225 -0.00900398 -0.0116597 -0.015098 -0.019224 -0.023166 -0.0247577 -0.0224374 -0.0177239 -0.0127369 -0.00829195 -0.00441308 -0.000879164 0.00258445 0.00625764 0.0103992 0.0151488 0.0201819 0.0240155 0.0243759 0.0212841 0.0170583 0.0132321 0.0101924 0.0078807 0.00614379 0.00483793 0.0038501 0.00309603 0.00251444 0.00206089 0.00170295 0.0014169 0.0011853 0.000995218 0.000836695 0.000702332
-0.00037918 -0.00041475 -0.000455321 -0.000501979 -0.000555831 -0.000618595 -0.000692237 -0.000779255 -0.000882857 -0.00100749 -0.00115849 -0.00134322 -0.00157109 -0.00185489 -0.00221163 -0.00266435 -0.00324384 -0.00399231 -0.00496621 -0.00624051 -0.00791002 -0.0100804 -0.0128241 -0.0160263 -0.0189941 -0.0201328 -0.0183226 -0.0146472 -0.0106618 -0.00701318 -0.00375858 -0.000753064 0.00220095 0.0053076 0.00874775 0.0125956 0.0165644 0.0195347 0.0198668 0.017579 0.0143475 0.0113346 0.00887814 0.0069683 0.00550613 0.00438908 0.00353184 0.00286922 0.00235225 0.00194473 0.00161996 0.00135799 0.00114401 0.000966803 0.000817822 0.000690424
-0.000385134 -0.00042017 -0.00045992 -0.000505318 -0.000557243 -0.000617527 -0.000687638 -0.000769809 -0.000867018 -0.000982833 -0.00112197 -0.0012906 -0.00149662 -0.00175052 -0.00206612 -0.0024616 -0.00296099 -0.00359589 -0.00440713 -0.00544577 -0.00677075 -0.00843602 -0.0104501 -0.0126667 -0.0145713 -0.0152054 -0.0139604 -0.0114153 -0.0084974 -0.0056846 -0.00307986 -0.000622355 0.00180352 0.00432179 0.00702905 0.00992412 0.0127473 0.0147673 0.0150697 0.0136689 0.0115097 0.00935696 0.00750997 0.00601749 0.00483998 0.0039184 0.00319689 0.00262947 0.00218016 0.00182105 0.00153136 0.00129492 0.00109964 0.000936213 0.00079746 0.000677638
-0.000391641 -0.000426162 -0.000465053 -0.000509135 -0.000559343 -0.000616916 -0.000683401 -0.000760726 -0.000851236 -0.000958044 -0.00108502 -0.00123723 -0.00142107 -0.00164478 -0.00191908 -0.00225764 -0.00267797 -0.00320199 -0.0038564 -0.00467109 -0.00567474 -0.00688056 -0.00825408 -0.00964856 -0.0107236 -0.010989 -0.0101737 -0.0085257 -0.00651125 -0.00444369 -0.00243932 -0.000498506 0.00142734 0.00339548 0.00543626 0.00750196 0.00938544 0.0106728 0.0109451 0.0102135 0.00892061 0.00750565 0.00620413 0.00509631 0.00418703 0.00345264 0.00286285 0.00238897 0.00200661 0.001696 0.00144149 0.00123097 0.00105472 0.000905432 0.000777099 0.000665024
-0.000398988 -0.000433051 -0.00047116 -0.000513963 -0.000562358 -0.00061745 -0.000680443 -0.000752883 -0.000836829 -0.000934801 -0.00104978 -0.00118595 -0.00134806 -0.00154254 -0.00177714 -0.00206162 -0.00240788 -0.0028298 -0.00334253 -0.00396027 -0.00469106 -0.00552489 -0.00641311 -0.00723897 -0.00780032 -0.00786234 -0.0073091 -0.00623966 -0.00487094 -0.00338646 -0.00188323 -0.0003902 0.00109911 0.00259767 0.00409815 0.00554167 0.00678753 0.00762175 0.00786491 0.00752554 0.00680023 0.00592099 0.005048 0.00425981 0.00358253 0.00301517 0.00254568 0.00215866 0.00183946 0.00157513 0.00135467 0.00116924 0.00101176 0.000876292 0.000758207 0.000653765
-0.000407346 -0.000441009 -0.000478545 -0.000520299 -0.000567167 -0.000619855 -0.000679508 -0.000747482 -0.000825245 -0.000914707 -0.00101838 -0.00113937 -0.00128108 -0.00144823 -0.00164631 -0.00188158 -0.00216145 -0.00249379 -0.00288562 -0.00334107 -0.00385676 -0.00441408 -0.00496854 -0.00543947 -0.00571288 -0.00567599 -0.00527631 -0.00455411 -0.00361037 -0.00254674 -0.00143214 -0.000301579 0.00083118 0.00195618 0.00305116 0.00406516 0.00491119 0.0054812 0.00569747 0.00556593 0.00517647 0.00464908 0.00408304 0.00354009 0.00305012 0.00262294 0.00225745 0.0019476 0.00168552 0.00146361 0.00127475 0.001113 0.000973005 0.000850645 0.000742444 0.000645178
-0.00041704 -0.00045055 -0.000487571 -0.0005286 -0.000574094 -0.000624931 -0.000681722 -0.000745516 -0.000817669 -0.000899555 -0.000992947 -0.00109998 -0.00122326 -0.00136592 -0.00153132 -0.00172338 -0.00194614 -0.00220323 -0.00249643 -0.00282459 -0.00317955 -0.00354242 -0.00387875 -0.00413675 -0.00425288 -0.00417063 -0.00386469 -0.00335239 -0.00268253 -0.00191118 -0.0010842 -0.000232546 0.000623337 0.00146544 0.00226897 0.00299561 0.00359284 0.00400562 0.00419792 0.00417363 0.00397665 0.00366986 0.00331232 0.00294735 0.00260102 0.00228614 0.0020069 0.00176257 0.00155022 0.00136592 0.00120532 0.00106476 0.000940812 0.000830455 0.000730994 0.000640293
-0.00042828 -0.000461886 -0.00049883 -0.000539343 -0.00058396 -0.000633156 -0.000687695 -0.000748188 -0.000815513 -0.000890872 -0.0009752 -0.00107018 -0.00117738 -0.00129862 -0.00143594 -0.00159141 -0.00176664 -0.00196257 -0.00217828 -0.00241003 -0.00264888 -0.00287897 -0.00307578 -0.00320694 -0.00323653 -0.00313515 -0.0028897 -0.00250842 -0.00201625 -0.00144519 -0.000825312 -0.000180926 0.000467983 0.00110255 0.00170104 0.00223604 0.00267569 0.00299024 0.00316203 0.00319343 0.0031069 0.00293628 0.00271676 0.00247692 0.00223693 0.00200882 0.00179852 0.00160818 0.00143757 0.00128525 0.00114922 0.00102722 0.000917225 0.000817269 0.000725575 0.000640579
-0.000441295 -0.00047532 -0.000512475 -0.000553026 -0.000597241 -0.000645598 -0.000698477 -0.000756394 -0.000820055 -0.000889975 -0.000967032 -0.00105193 -0.00114555 -0.00124909 -0.00136318 -0.00148854 -0.00162546 -0.00177309 -0.0019295 -0.00208993 -0.00224642 -0.0023869 -0.00249444 -0.00254917 -0.0025302 -0.00242181 -0.00221697 -0.00192011 -0.001545 -0.00111081 -0.000637383 -0.000143275 0.000354849 0.000840588 0.00129641 0.00170289 0.00204013 0.00229114 0.00244629 0.00250684 0.00248471 0.00239879 0.00226986 0.00211671 0.0019538 0.00179089 0.00163433 0.00148703 0.00135051 0.00122461 0.00110893 0.00100247 0.000904154 0.000812822 0.000727407 0.000646819
-0.000456504 -0.000491311 -0.000529191 -0.000570105 -0.000614531 -0.000662715 -0.000714831 -0.000771355 -0.000832459 -0.000898581 -0.000970047 -0.00104712 -0.00113023 -0.00121958 -0.00131513 -0.00141667 -0.00152347 -0.00163409 -0.00174573 -0.00185424 -0.00195279 -0.00203262 -0.00208253 -0.00208991 -0.00204273 -0.00193213 -0.00175484 -0.00151334 -0.00121608 -0.000875081 -0.000504002 -0.000116454 0.000274309 0.000655101 0.00101239 0.00133243 0.00160224 0.00181128 0.00195395 0.00203035 0.002047 0.00201475 0.00194587 0.00185246 0.00174485 0.00163029 0.00151449 0.00140078 0.00129096 0.00118623 0.00108676 0.000992661 0.000903352 0.0008187 0.000737864 0.000660425
-0.000473984 -0.000510089 -0.000549076 -0.000591116 -0.000636476 -0.000685329 -0.00073775 -0.000793911 -0.000854061 -0.000918008 -0.000985982 -0.00105783 -0.00113328 -0.00121211 -0.0012937 -0.00137721 -0.00146135 -0.00154406 -0.0016228 -0.00169351 -0.00175121 -0.00178947 -0.00180075 -0.0017774 -0.00171243 -0.00160125 -0.00144159 -0.00123612 -0.00099038 -0.000712312 -0.000411392 -9.7791e-05 0.000218291 0.00052651 0.00081682 0.00107934 0.00130495 0.00148673 0.00162087 0.0017071 0.00174857 0.00175134 0.00172311 0.00167148 0.00160324 0.00152429 0.00143899 0.00135046 0.001261 0.00117212 0.00108485 0.000999588 0.000916768 0.000836409 0.000758359 0.000682466
-0.000494079 -0.000531901 -0.000572682 -0.000616534 -0.000663612 -0.000714106 -0.000768034 -0.000825303 -0.000886044 -0.000949838 -0.00101665 -0.0010858 -0.00115688 -0.001229 -0.00130111 -0.00137187 -0.00143958 -0.00150213 -0.00155676 -0.00160031 -0.00162867 -0.00163753 -0.00162183 -0.00157705 -0.00149938 -0.00138589 -0.0012369 -0.00105362 -0.000840769 -0.000603663 -0.000349219 -8.52629e-05 0.000180611 0.000440512 0.000686722 0.000911911 0.00110984 0.00127526 0.00140525 0.00149901 0.00155786 0.00158541 0.00158568 0.00156359 0.00152387 0.0014706 0.00140746 0.00133721 0.00126232 0.00118457 0.00110521 0.00102545 0.000946079 0.000867667 0.000790209 0.000714068
-0.000516997 -0.000557091 -0.000600295 -0.000646762 -0.000696626 -0.000749906 -0.00080662 -0.000866655 -0.000929782 -0.000995676 -0.00106375 -0.00113328 -0.00120342 -0.00127269 -0.00133981 -0.00140288 -0.00145985 -0.00150847 -0.00154601 -0.00156977 -0.00157673 -0.00156355 -0.00152753 -0.00146593 -0.00137669 -0.00125905 -0.00111366 -0.000942386 -0.000748198 -0.000535746 -0.00031029 -7.74198e-05 0.000156901 0.000386536 0.000605829 0.000809015 0.000991439 0.00114908 0.00127934 0.00138114 0.00145451 0.00150088 0.00152248 0.00152235 0.0015034 0.00146868 0.00142105 0.0013631 0.00129744 0.00122592 0.00115052 0.00107262 0.0009935 0.000914058 0.000834939 0.000756432
-0.00054295 -0.000585925 -0.000632316 -0.000682294 -0.000735918 -0.0007933 -0.000854404 -0.000918962 -0.000986783 -0.00105726 -0.00112962 -0.00120296 -0.00127581 -0.00134652 -0.00141316 -0.00147354 -0.00152503 -0.0015651 -0.00159109 -0.00160046 -0.00159074 -0.00156007 -0.00150689 -0.00142973 -0.00132844 -0.00120314 -0.00105531 -0.00088653 -0.000700252 -0.000499784 -0.000289241 -7.31357e-05 0.000144096 0.000357692 0.00056334 0.000756489 0.000933561 0.00109095 0.00122639 0.00133824 0.00142557 0.00148859 0.00152785 0.00154491 0.00154146 0.00151981 0.00148219 0.0014313 0.00136965 0.00129962 0.00122368 0.00114363 0.00106115 0.000977661 0.000894135 0.000811009
-0.000572033 -0.000618595 -0.000668917 -0.000723476 -0.000782213 -0.000845092 -0.000912321 -0.000983577 -0.00105842 -0.00113651 -0.00121654 -0.00129751 -0.00137753 -0.00145453 -0.00152587 -0.00158874 -0.00164007 -0.00167666 -0.00169566 -0.00169445 -0.00167135 -0.00162501 -0.00155501 -0.0014614 -0.00134502 -0.00120778 -0.00105063 -0.000877008 -0.000688973 -0.000489852 -0.000283068 -7.1819e-05 0.000140088 0.000349382 0.000552329 0.000745564 0.00092607 0.00109055 0.00123665 0.0013622 0.00146526 0.00154505 0.00160076 0.00163242 0.00164108 0.00162823 0.00159587 0.00154675 0.00148375 0.00141012 0.00132859 0.00124169 0.00115185 0.00106063 0.000969398 0.000878945
-0.000604436 -0.000655273 -0.000710614 -0.000770744 -0.000835741 -0.000905909 -0.00098123 -0.00106159 -0.00114658 -0.00123557 -0.00132742 -0.00142067 -0.00151307 -0.00160206 -0.00168417 -0.00175568 -0.00181267 -0.001851 -0.00186712 -0.00185844 -0.00182327 -0.00176111 -0.00167262 -0.00155943 -0.00142349 -0.00126791 -0.00109508 -0.000908266 -0.000709621 -0.000502513 -0.000289413 -7.31071e-05 0.000143876 0.000358589 0.000568645 0.000771212 0.000963349 0.00114262 0.00130589 0.0014502 0.00157319 0.00167205 0.00174501 0.00179082 0.0018094 0.00180163 0.00176975 0.00171687 0.00164666 0.00156317 0.00147012 0.00137103 0.00126873 0.00116544 0.00106287 0.000961803
-0.000640216 -0.000696187 -0.000757405 -0.000824215 -0.00089715 -0.000976383 -0.00106208 -0.00115437 -0.00125282 -0.00135684 -0.00146544 -0.00157658 -0.00168798 -0.00179606 -0.00189665 -0.00198452 -0.00205423 -0.00210039 -0.00211821 -0.0021043 -0.00205703 -0.00197675 -0.00186585 -0.0017271 -0.00156508 -0.00138367 -0.00118669 -0.000977776 -0.000760125 -0.000535689 -0.000307227 -7.66565e-05 0.000154372 0.00038396 0.000610208 0.00083077 0.00104356 0.0012458 0.00143406 0.00160473 0.00175372 0.00187692 0.00197039 0.00203129 0.00205866 0.00205272 0.00201594 0.00195254 0.00186755 0.00176645 0.00165456 0.00153626 0.00141546 0.00129486 0.00117632 0.00106104
-0.000679432 -0.000741299 -0.000809387 -0.000884441 -0.000966784 -0.00105714 -0.0011558 -0.00126312 -0.00137898 -0.00150302 -0.00163406 -0.0017704 -0.00190893 -0.00204563 -0.00217461 -0.0022892 -0.00238135 -0.0024433 -0.00246809 -0.00245098 -0.00239028 -0.00228722 -0.00214641 -0.00197349 -0.00177547 -0.00155819 -0.00132696 -0.00108629 -0.000839519 -0.000589055 -0.000336262 -8.23528e-05 0.000171575 0.000424864 0.00067635 0.000924515 0.00116754 0.00140242 0.00162597 0.0018332 0.00201774 0.00217324 0.00229329 0.00237247 0.00240822 0.00240019 0.00235188 0.00226908 0.00215924 0.00203035 0.00188969 0.00174343 0.00159636 0.00145189 0.00131211 0.00117813
-0.000721987 -0.000790629 -0.000866751 -0.00095125 -0.00104485 -0.00114851 -0.00126299 -0.00138898 -0.00152685 -0.00167658 -0.00183745 -0.00200775 -0.00218423 -0.00236187 -0.00253321 -0.00268891 -0.00281739 -0.00290653 -0.00294583 -0.00292764 -0.00285007 -0.00271616 -0.00253381 -0.00231283 -0.00206441 -0.00179723 -0.00151935 -0.00123534 -0.000949295 -0.000662563 -0.000376203 -9.02436e-05 0.000195439 0.000481398 0.000767347 0.00105331 0.00133791 0.00161803 0.00189003 0.00214752 0.00238145 0.00258227 0.00273914 0.00284273 0.00288738 0.00287253 0.00280284 0.00268772 0.00253876 0.00236769 0.00218506 0.00199926 0.00181617 0.00163979 0.00147227 0.0013145
-0.000767844 -0.000844099 -0.000929343 -0.00102468 -0.00113141 -0.00125076 -0.00138411 -0.00153279 -0.00169787 -0.00188019 -0.00207956 -0.00229496 -0.00252322 -0.00275859 -0.00299186 -0.00320968 -0.00339526 -0.0035294 -0.00359451 -0.00357822 -0.00347741 -0.00329854 -0.00305539 -0.00276564 -0.00244647 -0.0021108 -0.00176954 -0.00142809 -0.00109035 -0.000757062 -0.000427527 -0.000100453 0.000225933 0.000553742 0.000884632 0.00121963 0.00155845 0.00189913 0.00223725 0.0025647 0.00286934 0.00313573 0.00334627 0.00348466 0.00354007 0.00351097 0.00340514 0.00323807 0.00302865 0.00279502 0.00255226 0.00231152 0.00207999 0.00186178 0.00165883 0.00147128
