data/model 3/Gx.grd
DSAA
101 101
0 80000
0 80000
-0.0540595 0.0540496
[rows 50 to 74 of 101, columns 0 to 55 of 101]
-0.000816696 -0.000901482 -0.000996935 -0.00110464 -0.00122633 -0.00136379 -0.00151933 -0.00169507 -0.00189326 -0.00211581 -0.00236417 -0.00263837 -0.00293626 -0.00325201 -0.00357451 -0.00388603 -0.00416101 -0.00436867 -0.00447856 -0.0044685 -0.00433315 -0.00408534 -0.00375089 -0.00335994 -0.00293952 -0.00251006 -0.00208406 -0.00166846 -0.00126516 -0.000873354 -0.000490539 -0.000112895 0.000263432 0.000642917 0.00102922 0.00142593 0.00183475 0.00225487 0.00268247 0.00310797 0.00351454 0.00387877 0.00417121 0.00436252 0.00443245 0.00437694 0.00421047 0.00396031 0.00365802 0.00333212 0.00300418 0.00268835 0.0023927 0.00212084 0.00187334 0.00164933
-0.000868335 -0.000962357 -0.00106915 -0.00119061 -0.00132911 -0.00148733 -0.00166843 -0.00187582 -0.00211343 -0.00238498 -0.00269424 -0.00304368 -0.00343363 -0.00385972 -0.00431023 -0.00476224 -0.00517845 -0.00550813 -0.00569591 -0.00569949 -0.00550869 -0.00515007 -0.00467287 -0.00413077 -0.00356665 -0.00300834 -0.00247077 -0.00195976 -0.00147482 -0.00101208 -0.000565172 -0.000127665 0.000307943 0.000748923 0.00120254 0.00167498 0.00217198 0.00269513 0.0032429 0.00380542 0.00436086 0.0048746 0.00529687 0.00557405 0.00566546 0.00556245 0.00529288 0.00490817 0.00446296 0.00400183 0.00355438 0.00313746 0.00275843 0.00241879 0.00211669 0.00184871
-0.000922359 -0.00102646 -0.00114542 -0.00128196 -0.00143913 -0.00162047 -0.0018305 -0.00207425 -0.00235771 -0.00268758 -0.00307094 -0.00351454 -0.00402367 -0.00459844 -0.00523003 -0.00589231 -0.00653341 -0.00706974 -0.00739715 -0.00742858 -0.00714235 -0.00659606 -0.00589004 -0.00511913 -0.00434903 -0.00361588 -0.00293378 -0.00230397 -0.00172019 -0.00117295 -0.000651561 -0.000144707 0.000359276 0.000871684 0.00140408 0.00196768 0.00257253 0.00322737 0.0039344 0.00468691 0.00546187 0.0062083 0.00684506 0.00726968 0.00739643 0.00720548 0.00675625 0.00615045 0.0054849 0.00482706 0.00421485 0.00366443 0.00317939 0.00275621 0.00238845 0.00206871
-0.000978177 -0.00109294 -0.00122511 -0.00137787 -0.00155521 -0.00176197 -0.00200404 -0.00228857 -0.0026243 -0.00302165 -0.00349272 -0.00405097 -0.00470982 -0.00547985 -0.00636168 -0.00733432 -0.00833355 -0.009228 -0.00981703 -0.00990534 -0.00944167 -0.00856345 -0.00748213 -0.00636554 -0.00530578 -0.00434033 -0.00347548 -0.00270058 -0.00199951 -0.00135505 -0.000748856 -0.000163847 0.00041705 0.00101033 0.00163295 0.00230286 0.00303732 0.00385514 0.00476843 0.00578073 0.00687504 0.00798781 0.00899051 0.00968407 0.00987505 0.00951415 0.00874052 0.0077675 0.00676445 0.00582625 0.00499241 0.00427084 0.00365471 0.00313127 0.00268664 0.00230758
-0.00103535 -0.00116135 -0.00130734 -0.00147731 -0.0016762 -0.00191015 -0.00218686 -0.00251594 -0.00290963 -0.00338291 -0.00395457 -0.00464742 -0.00548765 -0.00650347 -0.00771786 -0.00913264 -0.0106917 -0.0122126 -0.0133142 -0.0135246 -0.012705 -0.0112174 -0.0095224 -0.00789484 -0.00644083 -0.00517866 -0.00409008 -0.00314438 -0.0023094 -0.00155547 -0.000855492 -0.000184619 0.000480205 0.00116222 0.00188539 0.00267586 0.00356149 0.00457382 0.00574444 0.00709973 0.00864467 0.0103254 0.0119622 0.0131758 0.0134962 0.0127866 0.011411 0.00983207 0.00832678 0.00700383 0.00588388 0.00495115 0.00417894 0.00353933 0.00300739 0.00256211
-0.00109315 -0.0012307 -0.00139104 -0.0015788 -0.00180024 -0.00206274 -0.0023762 -0.00275286 -0.0032087 -0.00376467 -0.00444738 -0.00529142 -0.00634074 -0.00764943 -0.00927842 -0.0112825 -0.013664 -0.016239 -0.0183527 -0.0188337 -0.0172705 -0.0146784 -0.0120273 -0.00969178 -0.00773352 -0.00611289 -0.00476401 -0.00362563 -0.00264244 -0.00176995 -0.00096916 -0.000206974 0.000547559 0.00132469 0.00215654 0.00307846 0.00413225 0.0053677 0.006843 0.00862297 0.0107663 0.0132778 0.0159762 0.0182089 0.0188071 0.0173611 0.0148884 0.0123613 0.0101564 0.00833891 0.00687089 0.00569118 0.00474146 0.00397247 0.00334486 0.00282797
-0.00115094 -0.00130016 -0.001475 -0.00168106 -0.00192546 -0.00221741 -0.00256861 -0.00299441 -0.00351528 -0.00415775 -0.00495795 -0.00596384 -0.00724018 -0.0088735 -0.0109765 -0.0136865 -0.0171283 -0.0212347 -0.0250816 -0.0260892 -0.0231564 -0.0188322 -0.0148846 -0.0116748 -0.00913046 -0.00710697 -0.00547486 -0.00412907 -0.00298958 -0.00199235 -0.00108699 -0.000230017 0.000617345 0.00149314 0.00243824 0.00349883 0.00473165 0.00620834 0.00802016 0.0102844 0.0131425 0.0167225 0.0209596 0.0249328 0.0260644 0.0232558 0.0190583 0.0152421 0.0121719 0.00977719 0.00791781 0.00646737 0.00532641 0.00441982 0.00369157 0.00309987
-0.00120784 -0.00136873 -0.00155807 -0.00178237 -0.0020499 -0.0023712 -0.00276034 -0.00323564 -0.00382186 -0.00455177 -0.00547065 -0.0066406 -0.00814774 -0.0101127 -0.0127032 -0.0161463 -0.0207091 -0.0264832 -0.0323055 -0.0339356 -0.029408 -0.0231579 -0.0178223 -0.0136988 -0.0105486 -0.00811368 -0.00619235 -0.0046373 -0.00333905 -0.00221641 -0.00120547 -0.000253222 0.000687437 0.00166267 0.00272214 0.00392257 0.00533697 0.00705808 0.00921343 0.0119756 0.0155754 0.0202844 0.0261963 0.0321517 0.0339125 0.0295159 0.0233994 0.018203 0.0142269 0.0112362 0.00897595 0.00724949 0.00591443 0.00486858 0.00403864 0.00337149
-0.00126314 -0.00143543 -0.00163902 -0.00188119 -0.00217125 -0.00252136 -0.00294764 -0.00347122 -0.00412095 -0.00493564 -0.00596918 -0.00729643 -0.00902308 -0.0112993 -0.0143386 -0.0184371 -0.0239537 -0.031034 -0.0382261 -0.0402481 -0.034676 -0.0270002 -0.0205247 -0.0156005 -0.0118994 -0.00908072 -0.00688603 -0.00513023 -0.0036794 -0.00243501 -0.00132118 -0.000275855 0.00075606 0.00182827 0.00299841 0.00433473 0.00592284 0.00787763 0.0103557 0.0135763 0.0178405 0.0235105 0.0307359 0.0380676 0.0402268 0.0347921 0.0272567 0.0209276 0.016159 0.0126264 0.00999305 0.00800587 0.00648537 0.00530553 0.00437725 0.00363673
-0.00131604 -0.00149935 -0.00171665 -0.00197591 -0.00228762 -0.00266519 -0.00312675 -0.0036961 -0.00440554 -0.00529936 -0.00643881 -0.00790919 -0.00983169 -0.0123782 -0.0157923 -0.0204068 -0.0266099 -0.0345114 -0.0424274 -0.0446318 -0.0385454 -0.0300441 -0.0227949 -0.0172632 -0.0131129 -0.00996544 -0.00752926 -0.00559133 -0.00399974 -0.00264162 -0.00143071 -0.000297304 0.000821085 0.0019849 0.00325923 0.00472134 0.00646892 0.00863267 0.0113921 0.014997 0.0197853 0.0261493 0.0342024 0.0422643 0.0446122 0.0386695 0.0303148 0.023219 0.0178507 0.0138775 0.010926 0.00870894 0.00702127 0.00571849 0.00469882 0.00388968
-0.00136591 -0.0015596 -0.00178966 -0.00206507 -0.00239692 -0.00280026 -0.00329447 -0.00390587 -0.00466984 -0.00563499 -0.00686808 -0.00846277 -0.0105506 -0.0133171 -0.0170214 -0.0220086 -0.0286618 -0.0370376 -0.0453187 -0.0476067 -0.041272 -0.0323232 -0.0245941 -0.0186416 -0.0141522 -0.0107419 -0.00810345 -0.00600893 -0.00429212 -0.00283121 -0.00153177 -0.000317083 0.000881187 0.00212884 0.00349825 0.00507289 0.00696008 0.00930191 0.0122919 0.0161957 0.0213642 0.028185 0.0367185 0.0451516 0.0475886 0.0414034 0.0326073 0.025038 0.0192557 0.014952 0.0117474 0.0093394 0.0075084 0.00609779 0.00499643 0.004125
-0.00141197 -0.00161523 -0.00185714 -0.00214734 -0.0024977 -0.00292426 -0.00344802 -0.00409709 -0.00490926 -0.00593634 -0.00724952 -0.00894782 -0.0111693 -0.0141064 -0.0180242 -0.0232676 -0.0302052 -0.0388526 -0.0473246 -0.0496533 -0.043191 -0.0339956 -0.0259752 -0.019742 -0.0150094 -0.0114006 -0.00859835 -0.00637349 -0.00455059 -0.00300036 -0.00162237 -0.000334878 0.000934868 0.00225781 0.00371017 0.00538229 0.00738744 0.00987421 0.0130444 0.0171701 0.0226017 0.0297131 0.0385244 0.0471536 0.0496366 0.0433291 0.034292 0.0264375 0.0203819 0.0158427 0.0124464 0.00988729 0.00793855 0.0064368 0.00526502 0.00433907
-0.00145367 -0.00166553 -0.00191813 -0.00222149 -0.00258844 -0.00303563 -0.00358532 -0.00426706 -0.00512061 -0.00620008 -0.00757949 -0.00936129 -0.0116869 -0.0147521 -0.018822 -0.0242375 -0.0313534 -0.04016 -0.0487368 -0.0510862 -0.0445536 -0.0352165 -0.027018 -0.0206015 -0.0157 -0.0119407 -0.00901536 -0.0066845 -0.00477287 -0.00314663 -0.001701 -0.000350259 0.000981573 0.00236995 0.00389367 0.00564734 0.00774817 0.0103498 0.0136568 0.0179418 0.0235523 0.0308478 0.0398236 0.0485623 0.051071 0.0446979 0.0355243 0.0274974 0.0212641 0.0165617 0.0130251 0.0103502 0.00830804 0.00673192 0.00550124 0.00452872
-0.0014904 -0.00170982 -0.00197191 -0.0022868 -0.00266805 -0.00313303 -0.00370501 -0.00441433 -0.00530235 -0.00642475 -0.00785738 -0.00970451 -0.0121093 -0.0152679 -0.0194444 -0.0249746 -0.032203 -0.0411052 -0.0497421 -0.0521029 -0.045529 -0.0361075 -0.0277979 -0.0212603 -0.0162407 -0.0123744 -0.00935408 -0.0069414 -0.00495915 -0.00327 -0.00176758 -0.000363417 0.00102178 0.00246443 0.0040481 0.00586839 0.00804481 0.0107352 0.0141433 0.018541 0.0242726 0.0316859 0.0407613 0.0495648 0.0520889 0.0456789 0.0364254 0.0282921 0.0219434 0.0171296 0.0134927 0.0107314 0.00861718 0.00698207 0.00570351 0.00469256
-0.00152176 -0.00174778 -0.00201765 -0.0023424 -0.00273572 -0.00321558 -0.0038058 -0.00453786 -0.00545375 -0.00661031 -0.00808444 -0.00998131 -0.0124447 -0.0156704 -0.0199205 -0.025527 -0.0328274 -0.0417879 -0.0504608 -0.0528275 -0.0462287 -0.0367551 -0.0283751 -0.0217584 -0.0166573 -0.012714 -0.00962379 -0.00714916 -0.0051105 -0.00337111 -0.00182248 -0.000374132 0.0010542 0.00254212 0.00417322 0.00604663 0.00828306 0.0110384 0.0145201 0.0189985 0.0248104 0.0322996 0.0414378 0.0502808 0.0528146 0.0463831 0.0370814 0.0288816 0.022458 0.0175685 0.0138609 0.0110367 0.00886836 0.00718763 0.00587148 0.00482962
-0.00154742 -0.00177865 -0.00205503 -0.00238771 -0.00279068 -0.0032826 -0.00388742 -0.00463731 -0.005575 -0.00675779 -0.0082632 -0.0101968 -0.0127025 -0.0159754 -0.0202756 -0.0259323 -0.0332788 -0.0422757 -0.0509703 -0.0533403 -0.0467257 -0.0372192 -0.0287943 -0.0221243 -0.0169689 -0.0129716 -0.00983082 -0.00730915 -0.00522887 -0.00345038 -0.00186568 -0.000382796 0.00108012 0.00260298 0.00427161 0.00618569 0.00846573 0.0112716 0.0148058 0.019337 0.0252038 0.0327425 0.0419203 0.0507882 0.0533283 0.046884 0.0375527 0.0293111 0.0228387 0.0178985 0.014142 0.0112729 0.00906504 0.00735031 0.00600547 0.0049397
-0.00156702 -0.0018023 -0.00208356 -0.00242236 -0.00283282 -0.00333365 -0.00394952 -0.00471279 -0.00566646 -0.00686834 -0.00839625 -0.0103559 -0.0128909 -0.0161956 -0.0205292 -0.0262184 -0.033594 -0.0426134 -0.051321 -0.053693 -0.0470685 -0.0375415 -0.0290876 -0.0223841 -0.0171921 -0.0131589 -0.0099822 -0.00742773 -0.00531612 -0.0035095 -0.00189788 -0.000388941 0.0010995 0.00264886 0.00434514 0.00628809 0.00860128 0.0114404 0.0150106 0.0195795 0.0254806 0.0330517 0.0422544 0.0511376 0.0536819 0.0472299 0.0378804 0.0296127 0.023109 0.0181356 0.0143463 0.0114466 0.00921106 0.00747201 0.00610632 0.00502311
-0.0015803 -0.0018184 -0.0021032 -0.0024461 -0.00286159 -0.00336859 -0.00399203 -0.00476432 -0.00572878 -0.00694335 -0.00848617 -0.0104628 -0.0130164 -0.0163413 -0.0206956 -0.0264046 -0.0337976 -0.0428304 -0.0515458 -0.0539186 -0.047288 -0.0377489 -0.0292773 -0.0225535 -0.0173387 -0.0132825 -0.0100831 -0.00750703 -0.00537476 -0.00354944 -0.00191952 -0.000393196 0.00111265 0.00267972 0.00439479 0.00635713 0.00869056 0.0115518 0.015145 0.019737 0.0256607 0.0332513 0.0424689 0.0513614 0.0539081 0.0474519 0.0380916 0.0298083 0.0232859 0.0182919 0.0144821 0.0115629 0.00930935 0.00755456 0.00617516 0.00508013
-0.00158714 -0.00182674 -0.00211356 -0.00245868 -0.00287698 -0.00338743 -0.00401488 -0.00479207 -0.00576243 -0.00698393 -0.00853464 -0.0105202 -0.0130838 -0.0164193 -0.0207842 -0.0265035 -0.0339053 -0.0429449 -0.0516641 -0.0540375 -0.0474039 -0.0378584 -0.0293777 -0.022643 -0.0174163 -0.0133489 -0.0101368 -0.0075494 -0.00540661 -0.0035709 -0.00193158 -0.000395486 0.00111983 0.00269647 0.00442131 0.00639493 0.00873995 0.0116132 0.0152185 0.0198221 0.0257568 0.0333565 0.042582 0.0514792 0.0540274 0.0475687 0.0382033 0.029912 0.02338 0.0183756 0.0145551 0.0116256 0.00936261 0.00759933 0.0062125 0.00511121
-0.00158754 -0.00182747 -0.00211442 -0.00246003 -0.00287888 -0.00338998 -0.00401818 -0.00479637 -0.00576786 -0.00699061 -0.00854286 -0.0105302 -0.0130958 -0.0164332 -0.0208003 -0.0265215 -0.0339251 -0.0429658 -0.0516858 -0.0540595 -0.0474249 -0.0378783 -0.0293966 -0.0226598 -0.0174319 -0.0133605 -0.0101477 -0.00755737 -0.00541257 -0.00357462 -0.00193329 -0.000396068 0.0011214 0.00269979 0.00442679 0.00640192 0.00874808 0.0116234 0.0152309 0.0198369 0.0257747 0.0333767 0.0426032 0.0515014 0.0540496 0.0475906 0.038224 0.0299313 0.0233974 0.0183911 0.0145685 0.0116369 0.00937216 0.00760721 0.00621901 0.00511643
-0.00158137 -0.00182027 -0.00210608 -0.00245022 -0.00286721 -0.00337623 -0.00400191 -0.00477703 -0.00574493 -0.00696362 -0.00851115 -0.010493 -0.0130527 -0.016384 -0.0207448 -0.0264599 -0.0338583 -0.0428952 -0.0516132 -0.0539865 -0.0473543 -0.0378112 -0.0293348 -0.0226043 -0.017382 -0.0133196 -0.0101125 -0.00753057 -0.00539258 -0.00356102 -0.00192599 -0.000394198 0.00111691 0.00268951 0.00440972 0.00637869 0.00871898 0.0115864 0.0151865 0.0197862 0.025716 0.0333118 0.0425342 0.0514295 0.0539769 0.0475192 0.0381556 0.0298674 0.0233392 0.018339 0.0145227 0.0115972 0.00933812 0.00757835 0.00619457 0.0050959
-0.00156872 -0.00180529 -0.00208833 -0.00242914 -0.00284211 -0.00334621 -0.00396604 -0.00473409 -0.0056936 -0.00690243 -0.00843863 -0.0104075 -0.012953 -0.0162691 -0.0206144 -0.0263149 -0.0337005 -0.0427277 -0.0514399 -0.0538128 -0.0471848 -0.0376514 -0.0291879 -0.0224732 -0.0172688 -0.0132219 -0.0100343 -0.00746843 -0.00534613 -0.00352948 -0.00190829 -0.000390544 0.00110698 0.0026655 0.00437115 0.00632519 0.00864874 0.0114991 0.0150818 0.0196637 0.0255775 0.0331584 0.0423696 0.0512578 0.0538031 0.0473485 0.0379929 0.029716 0.0232017 0.0182168 0.0144159 0.0115053 0.00925983 0.0075122 0.00613912 0.00504949
-0.00154968 -0.00178272 -0.00206135 -0.00239692 -0.00280366 -0.00329994 -0.00391045 -0.00466725 -0.00561328 -0.00680622 -0.00832368 -0.0102714 -0.012793 -0.0160833 -0.0204022 -0.0260769 -0.0334396 -0.0424495 -0.0511518 -0.0535233 -0.0469034 -0.0373859 -0.0289456 -0.0222577 -0.0170823 -0.0130671 -0.00990657 -0.00736823 -0.00527191 -0.00347902 -0.00188091 -0.000385124 0.00109039 0.00262684 0.00430903 0.00623809 0.00853521 0.0113585 0.0149117 0.0194628 0.0253481 0.0329037 0.0420955 0.0509713 0.0535134 0.0470646 0.0377228 0.0294667 0.0229768 0.0180182 0.0142437 0.0113581 0.00913517 0.00740765 0.00605173 0.00497677
-0.00152431 -0.00175257 -0.00202543 -0.00235383 -0.00275175 -0.00323766 -0.00383518 -0.00457631 -0.00550344 -0.00667366 -0.0081643 -0.0100808 -0.0125669 -0.0158182 -0.020096 -0.0257301 -0.0330562 -0.0420373 -0.0507228 -0.053092 -0.0464849 -0.0369934 -0.0285892 -0.0219448 -0.0168142 -0.0128423 -0.00972608 -0.007228 -0.00516759 -0.00340887 -0.00184253 -0.000377252 0.00106786 0.00257309 0.00422292 0.00611676 0.00837566 0.0111562 0.0146653 0.0191727 0.0250134 0.0325293 0.0416887 0.0505449 0.0530819 0.0466429 0.0373243 0.0291012 0.0226506 0.0177333 0.013999 0.0111507 0.00896128 0.00726272 0.0059316 0.00487753
-0.00149307 -0.00171528 -0.00198082 -0.00230023 -0.00268712 -0.00315928 -0.0037403 -0.00446107 -0.00536339 -0.00650338 -0.00795776 -0.00983118 -0.0122673 -0.0154621 -0.0196789 -0.025251 -0.0325196 -0.0414547 -0.0501124 -0.0524771 -0.0458899 -0.03644 -0.0280928 -0.0215123 -0.0164501 -0.0125428 -0.00948696 -0.00704201 -0.00503188 -0.00331765 -0.00179284 -0.00036732 0.00103865 0.002503 0.00411021 0.00595627 0.00816313 0.0108889 0.0143354 0.0187737 0.0245481 0.0320032 0.0411125 0.0499377 0.0524666 0.0460441 0.0367633 0.028593 0.0222029 0.0173476 0.0136725 0.0108776 0.00873465 0.00707573 0.00577784 0.00475122
