data/model 3/Gx.grd
DSAA
101 101
0 80000
0 80000
-0.0540595 0.0540496
[rows 75 to 99 of 101, columns 0 to 55 of 101]
-0.00145607 -0.0016711 -0.00192784 -0.00223642 -0.00260997 -0.00306574 -0.00362623 -0.00432175 -0.00519273 -0.00629413 -0.00770126 -0.00951731 -0.0118852 -0.0150005 -0.0191284 -0.0246073 -0.031786 -0.0406464 -0.0492579 -0.0516144 -0.0450593 -0.035676 -0.0274174 -0.0209356 -0.015971 -0.0121544 -0.0091812 -0.00680914 -0.00486208 -0.00320442 -0.00173126 -0.000355154 0.00100219 0.00241681 0.00396935 0.0057558 0.00789599 0.010542 0.0139016 0.0182475 0.0239218 0.0312816 0.0403123 0.0490867 0.0516033 0.0452087 0.0359899 0.0279035 0.0216063 0.0168431 0.0132525 0.0105317 0.00845157 0.00684484 0.00558969 0.00459782
-0.00141382 -0.00162061 -0.00186708 -0.0021631 -0.0025211 -0.0029574 -0.00349365 -0.00415888 -0.00499179 -0.00604548 -0.00739284 -0.00913474 -0.0114113 -0.0144169 -0.0184172 -0.0237553 -0.0307926 -0.0395303 -0.0480626 -0.0504041 -0.043903 -0.0346284 -0.0265101 -0.0201777 -0.0153549 -0.0116646 -0.0088015 -0.00652287 -0.00465576 -0.00306819 -0.0016579 -0.000340432 0.000958798 0.00231257 0.00379953 0.00551161 0.00756479 0.0101099 0.0133513 0.0175618 0.0230897 0.0303023 0.0392048 0.0478955 0.0503923 0.0440468 0.0349318 0.0269805 0.0208265 0.0161985 0.0127268 0.0101063 0.00810873 0.00656871 0.00536706 0.00441787
-0.00136682 -0.00156425 -0.00179932 -0.00208106 -0.00242139 -0.00283542 -0.00334378 -0.00397361 -0.00476143 -0.00575789 -0.00703198 -0.00868039 -0.0108383 -0.0136956 -0.017515 -0.0226427 -0.0294547 -0.0379854 -0.0463775 -0.04869 -0.0422827 -0.0331944 -0.0253032 -0.0191979 -0.0145788 -0.0110629 -0.00834212 -0.00618184 -0.00441277 -0.0029087 -0.00157222 -0.000323276 0.000908132 0.0021913 0.00359987 0.00522223 0.00716852 0.00958326 0.0126668 0.0166888 0.0219989 0.0289796 0.0376699 0.0462148 0.0486774 0.0424205 0.033486 0.0257561 0.0198228 0.0153914 0.0120844 0.00959687 0.00770476 0.00624761 0.00511077 0.00421242
-0.0013156 -0.00150285 -0.0017253 -0.00199137 -0.00231206 -0.00270136 -0.00317831 -0.00376798 -0.00450427 -0.00543372 -0.00662058 -0.0081548 -0.0101633 -0.0128255 -0.0163947 -0.021212 -0.0276655 -0.0358377 -0.0439675 -0.0462223 -0.0399916 -0.0312341 -0.0237174 -0.0179563 -0.0136268 -0.0103421 -0.00780365 -0.00578657 -0.00413453 -0.00272714 -0.00147517 -0.000304069 0.000850511 0.00205374 0.00337245 0.00488904 0.00670612 0.00896046 0.0118386 0.0155999 0.020592 0.0272075 0.0355329 0.0438092 0.0462088 0.0401228 0.0315132 0.024151 0.0185552 0.0144043 0.0113189 0.00900242 0.00724088 0.00588361 0.0048232 0.0039837
-0.00126062 -0.00143699 -0.00164595 -0.00189519 -0.00219459 -0.0025571 -0.00299969 -0.00354504 -0.00422375 -0.00507756 -0.00616407 -0.00756386 -0.00939105 -0.0118076 -0.0150443 -0.0194194 -0.0253127 -0.0328579 -0.0404745 -0.0426069 -0.0367318 -0.0285828 -0.0216794 -0.0164288 -0.0124915 -0.00950464 -0.00718791 -0.00534302 -0.00382478 -0.00252659 -0.00136853 -0.000282887 0.000787509 0.00190186 0.00312051 0.00451669 0.00618209 0.00824158 0.0108628 0.0142824 0.0188251 0.0248734 0.0325647 0.0403214 0.0425925 0.0368556 0.0288485 0.0220924 0.0169993 0.0132332 0.0104339 0.00832865 0.00672321 0.0054819 0.00450866 0.00373507
-0.0012028 -0.00136766 -0.00156238 -0.00179379 -0.00207078 -0.00240472 -0.00281081 -0.00330867 -0.00392519 -0.00469634 -0.00567184 -0.00692039 -0.00853841 -0.010662 -0.0134838 -0.0172693 -0.02234 -0.0288307 -0.0354352 -0.0372964 -0.0321649 -0.0251203 -0.0191724 -0.0146305 -0.0111969 -0.00856911 -0.00651223 -0.0048607 -0.00349008 -0.00231126 -0.00125396 -0.000260493 0.000720432 0.00173882 0.00284848 0.00411319 0.00561049 0.00744637 0.00976291 0.0127581 0.0167023 0.0219195 0.0285493 0.035288 0.0372807 0.0322812 0.0253713 0.0195637 0.0151706 0.0118993 0.0094483 0.00759001 0.00616226 0.00505044 0.00417276 0.00347105
-0.00114279 -0.00129581 -0.0014758 -0.00168881 -0.00194262 -0.00224704 -0.00261501 -0.00306351 -0.00361494 -0.00429927 -0.00515702 -0.00624352 -0.00763425 -0.00943298 -0.0117805 -0.0148599 -0.0188701 -0.0238292 -0.0287004 -0.0300349 -0.0262729 -0.0209602 -0.0163096 -0.0126402 -0.00979528 -0.00756939 -0.00579755 -0.00435186 -0.00314009 -0.00208635 -0.00113485 -0.000236868 0.000649949 0.00156894 0.0025644 0.00368883 0.00500616 0.00660074 0.00858022 0.0110902 0.0143196 0.0184692 0.0235603 0.0285587 0.0300184 0.0263813 0.0211965 0.0166784 0.0131508 0.0104569 0.00839747 0.00681037 0.00557422 0.0046003 0.00382368 0.00319706
-0.00108128 -0.00122221 -0.00138735 -0.00158181 -0.00181206 -0.00208662 -0.00241623 -0.00281479 -0.00330041 -0.00389685 -0.00463543 -0.00555732 -0.00671689 -0.0081835 -0.0100433 -0.0123891 -0.0152781 -0.0185695 -0.0214651 -0.0221772 -0.0200101 -0.0166238 -0.013361 -0.0106068 -0.00836827 -0.00655605 -0.00507303 -0.00383826 -0.00278556 -0.00185892 -0.00101437 -0.000213024 0.00057938 0.00139755 0.00227765 0.00326103 0.00439552 0.00574429 0.00737932 0.00939096 0.0118781 0.014898 0.0183137 0.0213295 0.0221596 0.0201105 0.0168448 0.0137072 0.0110857 0.00898858 0.00733047 0.00601973 0.00497832 0.00414415 0.0034699 0.00291914
-0.00101901 -0.00114811 -0.00129831 -0.00147419 -0.00168126 -0.0019263 -0.00221806 -0.00256755 -0.00298883 -0.0034998 -0.00412301 -0.00488694 -0.00582629 -0.00698108 -0.00839153 -0.0100815 -0.0120165 -0.0140018 -0.0155274 -0.0158484 -0.0147255 -0.0127656 -0.0106443 -0.00869205 -0.00700387 -0.00557721 -0.00436866 -0.0033379 -0.00243937 -0.00163573 -0.000896167 -0.000190038 0.000509593 0.00122875 0.00199618 0.00284205 0.00380177 0.00491548 0.00622636 0.00777819 0.00959907 0.011657 0.013759 0.0153976 0.0158294 0.0148178 0.0129714 0.0109668 0.00913829 0.00758329 0.00629903 0.00524976 0.00439445 0.00369527 0.00312022 0.00264375
-0.000956804 -0.00107407 -0.00120977 -0.00136768 -0.00155213 -0.00176865 -0.00202412 -0.00232679 -0.0026872 -0.00311789 -0.00363429 -0.0042541 -0.00499672 -0.00588042 -0.00691535 -0.00808896 -0.00933724 -0.0105011 -0.0113033 -0.011442 -0.010834 -0.00970066 -0.00835352 -0.00701002 -0.00577417 -0.00467617 -0.00371316 -0.00286508 -0.00210975 -0.00142316 -0.000782938 -0.000167415 0.000442841 0.00106838 0.00172859 0.00244661 0.00324413 0.00414476 0.00517229 0.00634001 0.00763584 0.00899846 0.0102719 0.0111794 0.0114222 0.0109182 0.00989105 0.00865359 0.00742514 0.00631139 0.00534597 0.00452762 0.00384058 0.00326541 0.00278279 0.00237635
-0.000895299 -0.00100106 -0.00112279 -0.00126347 -0.00142644 -0.00161598 -0.00183737 -0.00209659 -0.00240102 -0.00275912 -0.00318031 -0.00367457 -0.00425055 -0.0049133 -0.00565732 -0.0064576 -0.00725522 -0.00794463 -0.0083812 -0.00843724 -0.00807916 -0.00739432 -0.00652842 -0.00560778 -0.00471309 -0.00387951 -0.00312223 -0.00243394 -0.0018069 -0.00122594 -0.00067761 -0.0001463 0.000380592 0.000918428 0.00148132 0.00208294 0.00273732 0.00345911 0.0042537 0.00511838 0.00603258 0.00693701 0.00772797 0.0082632 0.00841668 0.00815537 0.00756951 0.00680542 0.00599165 0.00520944 0.00449827 0.00387216 0.00332962 0.00286392 0.00246457 0.00212187
-0.000835054 -0.000929973 -0.0010384 -0.00116272 -0.00130562 -0.00147022 -0.00166027 -0.00188015 -0.00213455 -0.00242883 -0.00276817 -0.00315715 -0.00359798 -0.00408851 -0.00461781 -0.00516112 -0.00567379 -0.00609129 -0.0063374 -0.0063534 -0.00612352 -0.00568664 -0.00511485 -0.00447742 -0.00382666 -0.00319904 -0.00260469 -0.00205239 -0.00153496 -0.00104698 -0.000581326 -0.000127503 0.000324058 0.000782442 0.00125798 0.00175852 0.00229168 0.0028641 0.00347503 0.00411576 0.00476402 0.00537554 0.0058873 0.00622538 0.00633161 0.00619226 0.00584743 0.00536925 0.00482974 0.00428408 0.00376609 0.00329262 0.00286972 0.00249695 0.00217007 0.00188398
-0.000776526 -0.00086116 -0.000957262 -0.00106645 -0.00119084 -0.00133264 -0.00149468 -0.00167944 -0.00189023 -0.00212984 -0.00240065 -0.00270388 -0.00303864 -0.00339938 -0.00377484 -0.00414478 -0.00447861 -0.00473669 -0.00487787 -0.00487406 -0.00471568 -0.00442295 -0.00403048 -0.00357992 -0.0031054 -0.00262755 -0.00216498 -0.0017194 -0.00129494 -0.000889269 -0.000495605 -0.000110233 0.000274023 0.000662162 0.00106113 0.00147455 0.00190915 0.00236239 0.00283265 0.0033103 0.00377464 0.00420019 0.00454544 0.00477212 0.00485175 0.00477732 0.00456883 0.00426393 0.00390321 0.00352224 0.0031462 0.00279059 0.00246351 0.00216751 0.00190198 0.00166508
-0.000720289 -0.000795419 -0.000879975 -0.0009754 -0.00108301 -0.00120452 -0.00134146 -0.00149589 -0.00166919 -0.00186287 -0.0020777 -0.00231271 -0.00256557 -0.00283052 -0.00309737 -0.00335102 -0.00357095 -0.00373336 -0.00381478 -0.00380013 -0.00368485 -0.00347915 -0.00320168 -0.00287487 -0.0025206 -0.00215583 -0.00179256 -0.00143619 -0.00108921 -0.000751289 -0.000420914 -9.52147e-05 0.000229655 0.000557291 0.000890843 0.00123127 0.00158346 0.00194414 0.00230834 0.0026671 0.00300733 0.00331212 0.00355469 0.00371438 0.00377705 0.00373912 0.00361128 0.00341349 0.00316935 0.00290172 0.00262842 0.00236204 0.00210981 0.00187592 0.00166139 0.00146614
-0.000666513 -0.000732864 -0.000806992 -0.00088988 -0.000982489 -0.00108596 -0.00120135 -0.00132956 -0.0014714 -0.00162721 -0.00179673 -0.00197837 -0.00216919 -0.00236398 -0.00255448 -0.00272967 -0.00287641 -0.00297915 -0.00302548 -0.00300567 -0.00291768 -0.00276642 -0.00256322 -0.0023208 -0.00205235 -0.00177177 -0.0014836 -0.00119698 -0.000912751 -0.000632745 -0.000356156 -8.2286e-05 0.000191374 0.000466303 0.00074419 0.00102589 0.00130975 0.00159884 0.00188326 0.0021557 0.00241205 0.00263526 0.00281182 0.00293044 0.00298183 0.00296531 0.00288556 0.0027556 0.00258848 0.00239883 0.00219943 0.00199944 0.00180511 0.00162058 0.00144775 0.00128732
-0.00061558 -0.000673879 -0.000738589 -0.000810256 -0.00088966 -0.000977356 -0.00107401 -0.00118013 -0.00129567 -0.00142069 -0.0015542 -0.00169453 -0.00183856 -0.001982 -0.00211878 -0.00224086 -0.00233924 -0.00240485 -0.00242939 -0.00240776 -0.00233766 -0.0022226 -0.00206843 -0.00188402 -0.00167835 -0.00145775 -0.00122916 -0.000996487 -0.000763922 -0.000532598 -0.00030135 -7.14087e-05 0.000159047 0.000389084 0.000620504 0.000852124 0.00108456 0.00131434 0.00153858 0.00175177 0.00194639 0.00211532 0.00224856 0.0023398 0.00238309 0.0023785 0.00232907 0.0022426 0.002127 0.00199183 0.0018452 0.00169453 0.00154444 0.00139896 0.00125991 0.00112811
-0.000567491 -0.000618672 -0.0006749 -0.000736662 -0.000804454 -0.000878516 -0.000959313 -0.00104674 -0.00114076 -0.00124088 -0.00134593 -0.00145419 -0.00156317 -0.00166921 -0.00176773 -0.00185318 -0.00191961 -0.00196052 -0.00197177 -0.00194924 -0.00189232 -0.00180251 -0.00168381 -0.00154054 -0.00137879 -0.00120369 -0.00102042 -0.000831867 -0.000640531 -0.000447793 -0.000255102 -6.13519e-05 0.000131845 0.000324373 0.000516616 0.000708591 0.000899221 0.00108601 0.00126467 0.00143118 0.00158182 0.00171179 0.00181517 0.00188746 0.00192462 0.00192693 0.00189752 0.00183976 0.00175891 0.00166146 0.00155319 0.00143893 0.00132265 0.00120766 0.00109544 0.000987375
-0.000522474 -0.000567147 -0.000615905 -0.000669022 -0.000726624 -0.000789159 -0.00085637 -0.00092836 -0.00100464 -0.00108466 -0.00116738 -0.00125112 -0.00133371 -0.0014124 -0.00148391 -0.00154401 -0.00158857 -0.00161396 -0.00161677 -0.00159453 -0.00154674 -0.00147436 -0.00137992 -0.00126659 -0.00113659 -0.000996282 -0.000847816 -0.000694574 -0.000536825 -0.000376794 -0.000215724 -5.34706e-05 0.000108439 0.000269834 0.000430074 0.000589503 0.000744271 0.000895046 0.00103894 0.0011731 0.00129417 0.00139615 0.0014784 0.00153687 0.0015695 0.00157604 0.00155874 0.00152002 0.00146318 0.00139239 0.00131171 0.00122487 0.00113434 0.00104304 0.000952348 0.000863554
-0.000480434 -0.00051944 -0.000561489 -0.000607002 -0.000656008 -0.000708505 -0.000764485 -0.000823518 -0.000885452 -0.000949466 -0.00101453 -0.00107928 -0.00114217 -0.00120077 -0.00125266 -0.00129491 -0.00132461 -0.00133901 -0.00133648 -0.00131491 -0.00127446 -0.00121581 -0.0011397 -0.00104857 -0.000945225 -0.000830603 -0.00070995 -0.000582471 -0.000451304 -0.000317542 -0.000182329 -4.65626e-05 8.97188e-05 0.000224645 0.000358685 0.000491264 0.000619821 0.000741886 0.00085896 0.000968802 0.00106539 0.00114719 0.00121319 0.00126177 0.00128975 0.00129921 0.00129043 0.00126442 0.00122413 0.00117251 0.00111189 0.00104526 0.000974551 0.000901845 0.000828337 0.000754943
-0.000441409 -0.000475186 -0.000511578 -0.000550555 -0.000592108 -0.000636094 -0.000682581 -0.000731109 -0.000781364 -0.000832506 -0.000883821 -0.000934019 -0.000981917 -0.00102557 -0.00106324 -0.00109283 -0.0011123 -0.00111996 -0.00111367 -0.00109298 -0.00105914 -0.00100959 -0.000947453 -0.00087259 -0.00078821 -0.000693434 -0.000594889 -0.000489174 -0.00038042 -0.00026847 -0.000155317 -4.06373e-05 7.3441e-05 0.000186975 0.000299241 0.000409789 0.000516282 0.00061788 0.000713877 0.000802775 0.000881569 0.00094855 0.00100294 0.00104293 0.00106813 0.00107911 0.00107499 0.00105833 0.00102978 0.000991754 0.000946012 0.000894593 0.000838985 0.000780801 0.000720804 0.000660263
-0.000405228 -0.000434616 -0.000465912 -0.000499116 -0.000534306 -0.000571241 -0.000609836 -0.000649634 -0.000690424 -0.000731328 -0.000771746 -0.000810847 -0.000847239 -0.000879937 -0.000907216 -0.000927759 -0.000940106 -0.000942959 -0.000934954 -0.000915642 -0.000885767 -0.000844405 -0.00079311 -0.000730832 -0.000660564 -0.000582967 -0.000500381 -0.000412661 -0.000322026 -0.000227727 -0.000132274 -3.61623e-05 6.00352e-05 0.000155679 0.000249749 0.000341987 0.00043079 0.000514326 0.000593854 0.000668001 0.000733074 0.000788625 0.000834291 0.000868163 0.000890309 0.000901778 0.000901492 0.000890881 0.000870558 0.000842449 0.000807889 0.000767815 0.000723867 0.000676961 0.00062807 0.000577777
-0.000371833 -0.000397318 -0.000424244 -0.000452563 -0.000482323 -0.000513286 -0.00054525 -0.000577977 -0.000610943 -0.000643833 -0.000675758 -0.000705976 -0.000733952 -0.000758312 -0.000777834 -0.00079186 -0.00079914 -0.000799102 -0.000789746 -0.000772085 -0.000746337 -0.000710824 -0.00066637 -0.000615265 -0.000557844 -0.000492523 -0.000423882 -0.000349544 -0.000272172 -0.00019396 -0.000113181 -3.22312e-05 4.93964e-05 0.000130375 0.000209436 0.000286179 0.000362334 0.00043079 0.000497036 0.000560216 0.000612546 0.000659834 0.000698782 0.000727182 0.000746876 0.00075876 0.000760086 0.000753779 0.000739314 0.000718686 0.000692065 0.000660797 0.000625961 0.000588091 0.000547721 0.000505977
-0.000341204 -0.000363159 -0.00038625 -0.000410504 -0.000435541 -0.000461504 -0.000488039 -0.00051487 -0.000541729 -0.000567987 -0.000593186 -0.000616754 -0.000637945 -0.000655988 -0.000670129 -0.000679699 -0.000683067 -0.000680873 -0.000671722 -0.000655602 -0.000631529 -0.000601774 -0.000564161 -0.000520404 -0.000469376 -0.000415862 -0.000356776 -0.000296445 -0.000232355 -0.000165784 -9.72948e-05 -2.87677e-05 3.99217e-05 0.000108315 0.000175764 0.000240627 0.000303935 0.000361986 0.000417737 0.000470158 0.000515375 0.000554667 0.000587099 0.000612441 0.000630584 0.000640708 0.000644243 0.000640541 0.000630961 0.000615265 0.00059498 0.000570439 0.000542521 0.000511845 0.000478688 0.000443575
-0.000313 -0.00033194 -0.000351786 -0.000372405 -0.000393645 -0.000415332 -0.000437316 -0.000459338 -0.000481073 -0.000502217 -0.00052215 -0.000540536 -0.000556566 -0.00056979 -0.000579857 -0.000585505 -0.000586984 -0.000583129 -0.000575033 -0.000560168 -0.000538184 -0.000511482 -0.000479518 -0.000441767 -0.000400214 -0.000354868 -0.000304808 -0.00025232 -0.000198339 -0.000141844 -8.43565e-05 -2.60865e-05 3.2527e-05 9.03199e-05 0.000147893 0.000202843 0.000255698 0.000308253 0.000355292 0.000396168 0.000434644 0.000468765 0.000495987 0.000519359 0.000535226 0.000544186 0.000548208 0.0005469 0.000540126 0.000528943 0.000513267 0.00049385 0.000471465 0.000446323 0.000418891 0.000389484
-0.000287104 -0.000303515 -0.00032049 -0.000337979 -0.000355965 -0.000374142 -0.000392299 -0.000410323 -0.000427984 -0.000445092 -0.000460779 -0.000474871 -0.000487056 -0.000496941 -0.00050383 -0.000507208 -0.000506244 -0.000501454 -0.000492695 -0.000478092 -0.00046106 -0.000437946 -0.000409455 -0.000377505 -0.000342531 -0.000303477 -0.000261504 -0.000216158 -0.000169791 -0.000121998 -7.28208e-05 -2.31668e-05 2.62105e-05 7.60936e-05 0.000124297 0.000171862 0.000217088 0.000259553 0.000299637 0.000336567 0.000369304 0.000396851 0.000421019 0.00044014 0.000454066 0.000464905 0.000469404 0.000468937 0.000464452 0.000456113 0.000444043 0.000428862 0.000410571 0.000390105 0.000367196 0.000342502
