data/model 3/Gx.grd
DSAA
101 101
0 80000
0 80000
-0.0540595 0.0540496
[rows 0 to 24 of 101, columns 0 to 55 of 101]
-9.03199e-05 -9.51861e-05 -0.000100472 -0.000105949 -0.000111655 -0.000117685 -0.000123963 -0.000130337 -0.000136978 -0.000143676 -0.000150336 -0.000157034 -0.000163446 -0.000169591 -0.000175201 -0.000180067 -0.000184094 -0.00018688 -0.000188369 -0.00018814 -0.000185964 -0.000181747 -0.00017522 -0.000166213 -0.000154706 -0.000140699 -0.000124307 -0.000105758 -8.53393e-05 -6.32411e-05 -4.02079e-05 -1.65068e-05 7.28971e-06 3.06473e-05 5.30126e-05 7.39658e-05 9.31061e-05 0.000110052 0.000124612 0.00013652 0.000145852 0.000152588 0.000156614 0.000158389 0.000157912 0.00015545 0.000151233 0.000145317 0.000138161 0.000129822 0.000120414 0.000110109 9.90027e-05 8.70949e-05 7.42711e-05 6.07603e-05
-9.71898e-05 -0.0001028 -0.000108754 -0.000115052 -0.000121731 -0.000128753 -0.0001361 -0.000143791 -0.000151653 -0.000159801 -0.000168026 -0.000176289 -0.00018438 -0.000192261 -0.000199608 -0.000206249 -0.000211936 -0.000216287 -0.000219054 -0.000219856 -0.000218405 -0.000214283 -0.000207452 -0.00019749 -0.000184323 -0.000168026 -0.000148657 -0.00012652 -0.000101865 -7.51299e-05 -4.70587e-05 -1.80907e-05 1.09155e-05 3.93683e-05 6.65616e-05 9.1942e-05 0.000114975 0.00013528 0.000152435 0.000166289 0.000176823 0.000184113 0.000188254 0.000189494 0.000188082 0.000184247 0.000178426 0.000170869 0.000161767 0.0001515 0.000140088 0.000127856 0.000114746 0.000100911 8.62744e-05 7.0798e-05
-0.000104575 -0.000110949 -0.000117761 -0.000125032 -0.000132684 -0.000140871 -0.000149458 -0.000158542 -0.000168007 -0.000177873 -0.00018793 -0.000198158 -0.00020831 -0.000218424 -0.000228004 -0.000236878 -0.000244721 -0.00025119 -0.000255865 -0.000258174 -0.000257793 -0.000254262 -0.000247125 -0.000236286 -0.000221363 -0.00020228 -0.000179247 -0.000152569 -0.000122628 -9.00337e-05 -5.55888e-05 -2.00753e-05 1.55717e-05 5.05509e-05 8.38699e-05 0.000114842 0.000142722 0.000167053 0.000187376 0.000203444 0.000215371 0.000223081 0.000227031 0.000227355 0.000224512 0.000218882 0.00021102 0.000201059 0.000189628 0.0001769 0.000163084 0.00014839 0.000132932 0.000116864 0.000100071 8.24577e-05
-0.000112475 -0.000119689 -0.000127436 -0.000135738 -0.000144611 -0.000154134 -0.000164228 -0.000174915 -0.000186231 -0.000198044 -0.000210352 -0.000222966 -0.00023579 -0.000248499 -0.000260998 -0.000272773 -0.000283593 -0.000292848 -0.000300061 -0.000304641 -0.000305958 -0.000303382 -0.000296436 -0.000284661 -0.00026762 -0.000245389 -0.00021789 -0.00018564 -0.000149115 -0.000109079 -6.65043e-05 -2.26134e-05 2.16974e-05 6.49204e-05 0.000106102 0.000144115 0.000178102 0.000207413 0.000231515 0.000250178 0.000263479 0.000271609 0.000274796 0.000273746 0.000268784 0.000260674 0.000249911 0.000236992 0.000222413 0.000206593 0.000189781 0.000172167 0.000153905 0.000135146 0.000115853 9.58349e-05
-0.000120853 -0.000128982 -0.000137741 -0.000147283 -0.000157492 -0.000168522 -0.000180335 -0.000193006 -0.000206402 -0.000220676 -0.000235542 -0.000251075 -0.000267067 -0.000283326 -0.000299355 -0.000315003 -0.000329659 -0.00034275 -0.000353513 -0.000361242 -0.000365135 -0.000364314 -0.000357921 -0.000345498 -0.000326282 -0.000300138 -0.000267353 -0.000228042 -0.000182987 -0.00013339 -8.04922e-05 -2.55903e-05 2.95978e-05 8.35455e-05 0.000134802 0.000181842 0.000223519 0.000259033 0.000287772 0.000309374 0.00032403 0.000332064 0.000334067 0.000330747 0.000322789 0.000311187 0.000296627 0.000279662 0.000261094 0.000241324 0.000220791 0.000199608 0.000178064 0.000156118 0.000133848 0.000111101
-0.000129726 -0.000138886 -0.000148886 -0.000159687 -0.000171366 -0.00018417 -0.000197948 -0.000212814 -0.000228729 -0.000245789 -0.000263918 -0.000283039 -0.000302828 -0.000323381 -0.000344086 -0.000364581 -0.000384313 -0.000402537 -0.000418262 -0.000430589 -0.00043828 -0.000440245 -0.00043536 -0.000422555 -0.000401087 -0.000370516 -0.000330995 -0.000282887 -0.000227088 -0.000165125 -9.86402e-05 -2.95024e-05 4.00553e-05 0.000107991 0.000172224 0.000230809 0.000282371 0.000325595 0.000359868 0.000384809 0.000400686 0.00040811 0.0004079 0.000401011 0.000388836 0.000372272 0.000352521 0.000330327 0.000306607 0.000281894 0.000256705 0.000231172 0.0002056 0.000179991 0.000154324 0.000128391
-0.000139096 -0.000149344 -0.000160622 -0.000172969 -0.000186422 -0.000201059 -0.00021705 -0.000234492 -0.000253384 -0.000273784 -0.000295672 -0.000319049 -0.000343704 -0.000369543 -0.000396087 -0.000422899 -0.000449253 -0.000474347 -0.00049696 -0.0005157 -0.000529172 -0.000535622 -0.00053339 -0.000521024 -0.000497418 -0.000461733 -0.000413873 -0.000354505 -0.000284795 -0.00020665 -0.000122341 -3.45403e-05 5.39286e-05 0.000140146 0.000221439 0.000295214 0.000359295 0.000412327 0.000453203 0.000481789 0.000498506 0.000504154 0.000500223 0.000488201 0.00046969 0.000446371 0.000419636 0.000390477 0.000360154 0.000329182 0.000298153 0.000267353 0.00023703 0.000207013 0.000177396 0.000147951
-0.000149019 -0.000160526 -0.00017314 -0.000187071 -0.000202414 -0.000219283 -0.000237851 -0.000258155 -0.000280482 -0.000304775 -0.000331129 -0.00035962 -0.000390191 -0.000422574 -0.000456485 -0.000491445 -0.000526501 -0.00056085 -0.000592795 -0.000620771 -0.000642621 -0.000656055 -0.000658593 -0.000648002 -0.000622584 -0.000580887 -0.000522779 -0.000448985 -0.000361089 -0.000261628 -0.000153771 -4.11621e-05 7.24773e-05 0.000182949 0.000286761 0.000380344 0.000460912 0.000526214 0.00057522 0.000607584 0.000624168 0.000626419 0.000616515 0.00059665 0.000569228 0.000536424 0.000500147 0.000461962 0.000422975 0.000384141 0.000345937 0.000308725 0.000272563 0.000237526 0.000203387 0.00016982
-0.000159324 -0.00017211 -0.000186384 -0.000202051 -0.000219512 -0.000238862 -0.000260216 -0.000283898 -0.000310042 -0.000338895 -0.000370554 -0.000405247 -0.000442802 -0.000483392 -0.00052652 -0.000571823 -0.000618385 -0.000665005 -0.000709946 -0.00075086 -0.000785018 -0.00080912 -0.000819635 -0.000813128 -0.000786659 -0.000738322 -0.000667505 -0.000574876 -0.000462916 -0.000335041 -0.000195715 -4.98639e-05 9.73234e-05 0.000240408 0.000374294 0.000494231 0.000596249 0.000677371 0.00073607 0.000772137 0.000787041 0.00078311 0.000763626 0.000732063 0.000691779 0.000645865 0.00059686 0.00054669 0.000496597 0.000447745 0.000400724 0.000355688 0.000312675 0.000271628 0.000232259 0.000194113
-0.000170106 -0.000184361 -0.000200219 -0.000217909 -0.000237622 -0.000259605 -0.000284146 -0.000311721 -0.000342216 -0.000376317 -0.000414216 -0.000456122 -0.000502284 -0.000552778 -0.000607432 -0.000665959 -0.000727407 -0.000790438 -0.000853145 -0.000912455 -0.000964609 -0.00100499 -0.00102848 -0.00102982 -0.00100426 -0.000948655 -0.000861694 -0.000744543 -0.000600314 -0.000434139 -0.000252297 -6.15237e-05 0.000131043 0.000318095 0.000492552 0.000647983 0.000778549 0.000880128 0.00095043 0.00098955 0.000999893 0.000985237 0.000950773 0.000901768 0.000843145 0.000779045 0.000712713 0.000646647 0.000582509 0.000521138 0.000463202 0.00040872 0.000357635 0.000309603 0.000264204 0.000220886
-0.000181327 -0.00019707 -0.000214703 -0.000234511 -0.000256705 -0.000281646 -0.000309737 -0.000341395 -0.000377042 -0.000417098 -0.000462153 -0.000512608 -0.000568941 -0.000631553 -0.000700461 -0.000775649 -0.000856389 -0.000941442 -0.00102819 -0.00111336 -0.00119181 -0.00125709 -0.00130156 -0.001317 -0.00129579 -0.00123276 -0.00112544 -0.000975314 -0.000787385 -0.000569056 -0.000329144 -7.72481e-05 0.000176938 0.000423872 0.000653803 0.000857572 0.0010267 0.00115508 0.00123919 0.00127955 0.00128026 0.00124767 0.0011899 0.001115 0.00103001 0.000940659 0.000851217 0.000764428 0.00068218 0.000605237 0.000533962 0.000468164 0.000407537 0.000351433 0.000299145 0.000250083
-0.000192777 -0.000210142 -0.000229702 -0.000251724 -0.000276666 -0.000304794 -0.000336796 -0.000373054 -0.000414273 -0.000461141 -0.000514383 -0.000574857 -0.000643193 -0.000720346 -0.000806735 -0.000902875 -0.00100833 -0.00112212 -0.00124179 -0.00136321 -0.00148008 -0.00158318 -0.0016612 -0.00170125 -0.001691 -0.0016212 -0.00148771 -0.0012928 -0.00104428 -0.000753779 -0.000434196 -9.86402e-05 0.000239893 0.000568846 0.000875262 0.00114586 0.00136816 0.00153218 0.00163276 0.00167068 0.00165295 0.00159053 0.00149657 0.0013831 0.00126051 0.00113634 0.00101588 0.000902284 0.000797098 0.000700862 0.0006135 0.000534344 0.000462592 0.000397213 0.000337235 0.000281646
-0.000204589 -0.000223634 -0.000245141 -0.000269586 -0.00029739 -0.00032901 -0.000365135 -0.000406507 -0.000453871 -0.000508295 -0.000570792 -0.00064264 -0.000725059 -0.000819425 -0.000927091 -0.00104901 -0.00118593 -0.0013373 -0.00150132 -0.00167352 -0.00184596 -0.00200641 -0.00213812 -0.00222058 -0.00223292 -0.0021589 -0.00199107 -0.00173348 -0.00139959 -0.00100787 -0.000577987 -0.000127799 0.000326186 0.000768168 0.00118097 0.00154569 0.00184289 0.00205585 0.0021756 0.00220367 0.00215232 0.00204089 0.00189042 0.00171988 0.00154364 0.00137188 0.0012104 0.00106218 0.000928465 0.000808681 0.000702007 0.000607184 0.00052257 0.000446676 0.00037813 0.000315347
-0.000216573 -0.000237374 -0.000260941 -0.000287867 -0.000318629 -0.000353914 -0.000394503 -0.000441428 -0.000495529 -0.000558331 -0.000631171 -0.000715919 -0.000814425 -0.000928981 -0.00106186 -0.00121528 -0.0013914 -0.00159126 -0.00181418 -0.00205648 -0.0023092 -0.00255663 -0.00277402 -0.00292882 -0.00298487 -0.00291257 -0.00269842 -0.0023504 -0.00189296 -0.00135787 -0.000774637 -0.000167568 0.000444081 0.00104172 0.00160391 0.00210352 0.00250936 0.00279179 0.00293367 0.00293755 0.00282623 0.00263393 0.00239591 0.00214094 0.00188933 0.00165299 0.00143785 0.00124597 0.00107682 0.000928733 0.000799445 0.000686378 0.000587223 0.000499555 0.000421487 0.000350994
-0.000228672 -0.000251209 -0.000276933 -0.000306416 -0.000340346 -0.000379447 -0.000424769 -0.000477419 -0.000538809 -0.0006106 -0.000694813 -0.000793892 -0.000910565 -0.00104821 -0.00121049 -0.00140161 -0.00162591 -0.00188683 -0.00218678 -0.00252426 -0.00289136 -0.00326919 -0.00362318 -0.00390131 -0.00403993 -0.00398232 -0.00370285 -0.00321864 -0.00257808 -0.0018371 -0.00104121 -0.000220981 0.000603424 0.0014143 0.00218714 0.00288392 0.00345265 0.00383819 0.00400514 0.00395767 0.00373962 0.00341439 0.00304097 0.0026629 0.00230628 0.00198402 0.00170011 0.00145384 0.00124208 0.00106056 0.00090507 0.000771355 0.00065596 0.000555392 0.000467 0.000388168
-0.000240771 -0.000265101 -0.00029302 -0.000325117 -0.000362215 -0.000405247 -0.000455416 -0.000514192 -0.000583177 -0.000664566 -0.000761012 -0.000875605 -0.00101235 -0.00117593 -0.00137184 -0.00160698 -0.00188857 -0.00222472 -0.00262262 -0.00308639 -0.00361265 -0.00418285 -0.00475238 -0.00524033 -0.00553287 -0.00551681 -0.0051394 -0.00444096 -0.00352208 -0.002484 -0.0013956 -0.000291531 0.000814616 0.00191328 0.00298231 0.00397125 0.00479312 0.00534035 0.00553515 0.0053838 0.00497657 0.00443348 0.00385382 0.00329951 0.00280059 0.00236677 0.0019969 0.0016849 0.00142279 0.0012028 0.00101768 0.00086116 0.000727846 0.000613347 0.000513982 0.00042641
-0.00025285 -0.000278975 -0.000308992 -0.000343685 -0.000384027 -0.00043099 -0.000486159 -0.000551156 -0.000628022 -0.00071943 -0.000828718 -0.000959933 -0.00111817 -0.00131009 -0.0015434 -0.00182813 -0.00217625 -0.00260176 -0.00311996 -0.00374501 -0.00448491 -0.00532975 -0.00623078 -0.00707119 -0.00764861 -0.00772824 -0.00719384 -0.00614437 -0.0047965 -0.00333358 -0.00185231 -0.000381584 0.00108537 0.00256184 0.00404054 0.00546295 0.00668847 0.00750331 0.00772847 0.00737254 0.00663217 0.0057396 0.00485491 0.00405703 0.00337193 0.00279868 0.00232506 0.00193597 0.00161635 0.0013532 0.00113546 0.000954056 0.00080183 0.000672562 0.000561728 0.000465091
-0.00026472 -0.000292543 -0.000324679 -0.000361948 -0.000405381 -0.000456409 -0.00051652 -0.000587681 -0.000672409 -0.000774122 -0.00089652 -0.00104495 -0.00122584 -0.00144771 -0.00172123 -0.00206032 -0.00248255 -0.00300989 -0.00366905 -0.00449008 -0.0055016 -0.00671682 -0.00810116 -0.00950794 -0.0105964 -0.0108767 -0.0100771 -0.00844584 -0.00644876 -0.00439929 -0.00241333 -0.000491159 0.00141607 0.00336563 0.0053883 0.00743621 0.00930269 0.0105739 0.0108311 0.0100856 0.00878002 0.00735376 0.00604241 0.00492634 0.00401028 0.00327075 0.00267733 0.00220138 0.00181829 0.00150832 0.00125583 0.00104838 0.000876273 0.00073191 0.000609283 0.00050362
-0.000276284 -0.000305805 -0.000339869 -0.000379676 -0.000426238 -0.000481045 -0.00054587 -0.000623194 -0.000715728 -0.000827459 -0.000962987 -0.00112867 -0.00133253 -0.00158509 -0.0019004 -0.00229653 -0.00279767 -0.00343552 -0.00425093 -0.005295 -0.00662667 -0.00829987 -0.010323 -0.0125498 -0.0144658 -0.0151122 -0.0138802 -0.0113491 -0.00844555 -0.00564768 -0.00305825 -0.000616172 0.00179426 0.00429717 0.00698935 0.00986974 0.0126788 0.0146856 0.0149754 0.0135629 0.0113931 0.00923094 0.0073757 0.00587616 0.00469295 0.00376685 0.00304229 0.00247291 0.00202276 0.00166402 0.00137571 0.0011416 0.000949552 0.000789999 0.000655769 0.000541118
-0.000287467 -0.000318515 -0.000354563 -0.000396622 -0.000445989 -0.000504383 -0.000573788 -0.000656952 -0.000756909 -0.000878277 -0.00102653 -0.00120899 -0.00143527 -0.00171816 -0.0020748 -0.00252818 -0.00310931 -0.00386032 -0.00483781 -0.00611674 -0.00779173 -0.00996861 -0.0127199 -0.0159305 -0.0189076 -0.0200563 -0.0182569 -0.0145929 -0.0106193 -0.00698286 -0.00374083 -0.000747921 0.0021935 0.00528754 0.00871535 0.0125512 0.0165086 0.0194678 0.0197898 0.0174923 0.0142521 0.0112314 0.0087681 0.00685248 0.00538563 0.00426462 0.00340472 0.00274036 0.00222262 0.00181522 0.00149141 0.0012312 0.00101962 0.000845435 0.000700118 0.000576842
-0.000298229 -0.000330594 -0.000368455 -0.000412594 -0.000464576 -0.00052631 -0.000599894 -0.000688229 -0.000795113 -0.000925393 -0.0010854 -0.00128343 -0.00153074 -0.00184222 -0.00223806 -0.00274589 -0.00340363 -0.00426336 -0.00539714 -0.00690275 -0.00890902 -0.01157 -0.0150144 -0.019147 -0.0230967 -0.0246964 -0.0223847 -0.0176802 -0.0127029 -0.00826765 -0.00439881 -0.000874976 0.00257848 0.00624164 0.0103734 0.0151134 0.0201371 0.023962 0.0243142 0.0212147 0.0169819 0.0131494 0.0101043 0.00778778 0.00604691 0.00473805 0.00374783 0.00299231 0.00241003 0.00195645 0.0015991 0.00131436 0.0010846 0.000896864 0.000741204 0.000610008
-0.000308382 -0.000342063 -0.000381412 -0.000427402 -0.000481732 -0.000546328 -0.0006235 -0.00071651 -0.000829444 -0.000967547 -0.0011379 -0.0013498 -0.0016158 -0.00195277 -0.00238372 -0.00294041 -0.00366678 -0.00462387 -0.00589681 -0.00760222 -0.00989533 -0.012963 -0.016963 -0.0217838 -0.0263951 -0.0282753 -0.0256283 -0.0202016 -0.0144629 -0.00937758 -0.00497439 -0.00098665 0.00291638 0.00707184 0.0117917 0.0172442 0.0230423 0.0274452 0.0278243 0.0242038 0.0192627 0.0148002 0.0112762 0.00861736 0.00663687 0.00516121 0.00405465 0.00321742 0.00257724 0.00208226 0.00169501 0.00138844 0.00114258 0.000942778 0.000777996 0.000639835
-0.000317866 -0.000352654 -0.000393263 -0.000440856 -0.000497189 -0.000564113 -0.000644376 -0.000741223 -0.000859099 -0.00100365 -0.00118271 -0.00140606 -0.00168755 -0.0020456 -0.00250579 -0.00310307 -0.00388643 -0.0049238 -0.0063102 -0.00817585 -0.0106924 -0.0140632 -0.0184513 -0.0237116 -0.0287028 -0.0307275 -0.0278903 -0.0220331 -0.0157938 -0.010242 -0.00543077 -0.00107588 0.00318553 0.00772504 0.0128818 0.018825 0.0251075 0.029842 0.0302437 0.0263391 0.0209686 0.0160842 0.0122136 0.00929311 0.00712304 0.00551234 0.00431036 0.00340548 0.00271725 0.00218781 0.00177571 0.00145096 0.00119172 0.00098186 0.000809578 0.000665673
-0.000326778 -0.000362444 -0.000404083 -0.000452897 -0.000510681 -0.000579456 -0.000662066 -0.000761813 -0.000883449 -0.00103298 -0.00121841 -0.00145037 -0.00174356 -0.00211753 -0.00259947 -0.00322715 -0.00405281 -0.00514961 -0.00661883 -0.00859895 -0.0112705 -0.0148426 -0.0194729 -0.0249866 -0.0301787 -0.032272 -0.0293317 -0.0232351 -0.0166966 -0.010844 -0.00575397 -0.00113961 0.0033769 0.00818427 0.0136318 0.01988 0.0264411 0.0313554 0.0317743 0.0277258 0.022118 0.0169801 0.012886 0.00978771 0.00748385 0.00577555 0.00450338 0.0035483 0.00282417 0.00226893 0.00183817 0.00149981 0.00123053 0.00101323 0.000835245 0.000686989
-0.000335002 -0.000371317 -0.000413758 -0.000463374 -0.000522264 -0.000592356 -0.00067634 -0.000778053 -0.000902093 -0.0010547 -0.00124417 -0.00148159 -0.00178195 -0.00216575 -0.00266126 -0.00330758 -0.00415928 -0.00529218 -0.00681136 -0.00885945 -0.0116207 -0.0153053 -0.0200648 -0.0257064 -0.0309943 -0.0331174 -0.0301252 -0.0239087 -0.0172134 -0.0111951 -0.00594479 -0.00117746 0.0034903 0.00845385 0.0140652 0.0204775 0.0271811 0.0321845 0.0326142 0.0284994 0.0227754 0.0175057 0.0132893 0.0100896 0.00770736 0.00594064 0.00462586 0.00364009 0.00289388 0.00232273 0.00188042 0.00153361 0.00125807 0.00103598 0.000854423 0.0007034
