data/model 3/Gy.grd
DSAA
101 101
0 80000
0 80000
-0.0538233 0.0540637
[rows 24 to 47 of 101, columns 0 to 53 of 101]
-0.00012944 -0.000137608 -0.000146386 -0.000155794 -0.000165984 -0.000176957 -0.000189036 -0.000202318 -0.000217088 -0.000233843 -0.000252965 -0.000275273 -0.000301932 -0.000334239 -0.000374352 -0.000425265 -0.000490911 -0.000577338 -0.00069216 -0.000845836 -0.00105121 -0.0013224 -0.00167146 -0.00210241 -0.00260388 -0.0031442 -0.00367692 -0.00415485 -0.00454407 -0.0048291 -0.00500774 -0.00508334 -0.00505847 -0.00493219 -0.00470098 -0.00436322 -0.00392691 -0.00341669 -0.00287436 -0.00234868 -0.00188028 -0.00149031 -0.00118179 -0.000945716 -0.000768464 -0.000636133 -0.000537197 -0.000462592 -0.000405447 -0.000361032 -0.000325757 -0.000297228 -0.000273679 -0.000253795
-0.000128677 -0.000136081 -0.000143848 -0.000151939 -0.000160355 -0.000169076 -0.000178083 -0.000187395 -0.000196994 -0.000206745 -0.000216764 -0.000226859 -0.000237126 -0.000247411 -0.000257716 -0.000267983 -0.000278097 -0.000288039 -0.000297695 -0.000307084 -0.000316034 -0.000324507 -0.000332483 -0.00033985 -0.000346586 -0.000352559 -0.000357845 -0.000362234 -0.000365764 -0.000368512 -0.00037023 -0.000371088 -0.000371031 -0.000370077 -0.000368188 -0.000365364 -0.000361738 -0.000357253 -0.000352005 -0.000345994 -0.000339334 -0.000332064 -0.00032424 -0.000315939 -0.000307198 -0.000298172 -0.000288841 -0.000279337 -0.000269719 -0.000260044 -0.000250293 -0.000240694 -0.00023121 -0.00022184
-0.000128257 -0.000135051 -0.000141863 -0.000148695 -0.000155508 -0.000162053 -0.00016816 -0.000173598 -0.000178026 -0.00018106 -0.000181976 -0.000180125 -0.000174094 -0.00016253 -0.000143256 -0.000112991 -6.77256e-05 -1.39306e-06 9.39266e-05 0.000228691 0.000415934 0.000669929 0.00100293 0.00141903 0.00190685 0.00243503 0.0029572 0.00342617 0.00380821 0.00408784 0.00426285 0.00433673 0.004312 0.00418774 0.00396031 0.00362822 0.00319935 0.00269812 0.00216634 0.00165288 0.00119793 0.00082265 0.000530012 0.00031071 0.000151033 3.70211e-05 -4.30608e-05 -9.84684e-05 -0.000136186 -0.000161042 -0.000176737 -0.000185878 -0.000190286 -0.000191374
-0.000128486 -0.000134669 -0.00014068 -0.000146481 -0.000151729 -0.00015629 -0.000159763 -0.000161576 -0.000161309 -0.000157969 -0.000150355 -0.000137035 -0.000115796 -8.34691e-05 -3.59524e-05 3.27083e-05 0.00013091 0.000270197 0.000466962 0.000742654 0.00112506 0.0016465 0.00233765 0.00321463 0.00425832 0.00539948 0.00652811 0.00753275 0.00833949 0.00892121 0.0092813 0.00943226 0.00938198 0.00912766 0.00865786 0.00796237 0.00705027 0.00597106 0.00482086 0.00371631 0.0027503 0.00196624 0.00136281 0.00091463 0.000588988 0.000355431 0.000189389 7.19144e-05 -1.08487e-05 -6.84508e-05 -0.000108411 -0.000135194 -0.000152769 -0.000163666
-0.000129383 -0.000135108 -0.000140527 -0.000145413 -0.000149439 -0.000152206 -0.000153389 -0.000152168 -0.000147569 -0.000138562 -0.000123372 -9.98615e-05 -6.47678e-05 -1.38543e-05 5.89666e-05 0.000162358 0.000308382 0.000514383 0.000804655 0.00121288 0.00178442 0.00257615 0.00365012 0.00505225 0.0067698 0.00868449 0.0105808 0.0122411 0.0135404 0.0144539 0.0150086 0.0152387 0.0151623 0.0147732 0.0140434 0.0129381 0.0114497 0.00964832 0.00771243 0.00587389 0.00430632 0.00307127 0.00214553 0.00147126 0.000987422 0.000642754 0.000397805 0.000223844 0.000100529 1.31005e-05 -4.82991e-05 -9.11501e-05 -0.000120509 -0.000140088
-0.0001311 -0.000136558 -0.000141558 -0.000145813 -0.000148848 -0.000150431 -0.00014963 -0.000145775 -0.000137779 -0.000124021 -0.000102533 -7.03973e-05 -2.37202e-05 4.28796e-05 0.000137054 0.000269662 0.000456103 0.00071859 0.00108907 0.00161307 0.00235525 0.00340338 0.00486625 0.00684993 0.0093824 0.0122907 0.0151756 0.0176356 0.0194888 0.0207481 0.0214946 0.0218005 0.0216994 0.0211798 0.0201872 0.0186392 0.0164747 0.0137632 0.0108088 0.00805008 0.00578552 0.00407293 0.00283155 0.00194848 0.0013245 0.00088363 0.000571603 0.000349964 0.0001923 8.00628e-05 4.8662e-07 -5.58751e-05 -9.51861e-05 -0.000122351
-0.000133772 -0.000139192 -0.000143943 -0.000147874 -0.000150393 -0.000150966 -0.000148924 -0.000143218 -0.000132684 -0.000115338 -8.90223e-05 -5.03029e-05 5.286e-06 8.38699e-05 0.000194437 0.000349277 0.000566346 0.000871464 0.00130245 0.00191466 0.0027895 0.00404478 0.00584234 0.00837363 0.0117578 0.0157889 0.019793 0.023093 0.025473 0.0270345 0.0279398 0.0283064 0.0281854 0.0275599 0.0263448 0.0243944 0.0215545 0.0178437 0.0137242 0.00995852 0.00700264 0.00486131 0.00335758 0.00230956 0.00157782 0.00106436 0.000701568 0.000444052 0.000260426 0.000129116 3.55421e-05 -3.12866e-05 -7.79732e-05 -0.000110586
-0.00013755 -0.000143065 -0.00014797 -0.000151825 -0.000154172 -0.000154363 -0.000151691 -0.000144993 -0.000132818 -0.000113296 -8.38126e-05 -4.07804e-05 2.05906e-05 0.000107132 0.000228176 0.000397175 0.000633308 0.000964322 0.00143073 0.0020932 0.0030418 0.00441077 0.00639476 0.00924498 0.0131647 0.0179508 0.0227075 0.0265357 0.0292219 0.0309499 0.0319401 0.0323389 0.0322075 0.0315257 0.03019 0.0280127 0.0247654 0.0204013 0.0154899 0.0110663 0.00769286 0.00530865 0.0036603 0.00252141 0.00172942 0.00117366 0.000780877 0.000501168 0.000300968 0.00015753 5.47778e-05 -1.87968e-05 -7.03591e-05 -0.00010677
-0.000142359 -0.00014837 -0.000153676 -0.000157836 -0.00016045 -0.000160889 -0.000158275 -0.000151367 -0.000138791 -0.000118448 -8.77437e-05 -4.29368e-05 2.10867e-05 0.000111063 0.000236725 0.000411316 0.000654242 0.000992871 0.00146748 0.00213707 0.00308878 0.0044511 0.00640638 0.00918288 0.0129496 0.0174979 0.0220161 0.0256884 0.0282962 0.0299893 0.0309655 0.0313599 0.0312299 0.0305564 0.0292432 0.0271188 0.0239845 0.0198221 0.0151635 0.0109396 0.00767548 0.00533869 0.00370603 0.00256788 0.00177014 0.00120664 0.000805838 0.000518581 0.000312418 0.000164133 5.71441e-05 -1.90258e-05 -7.32597e-05 -0.000110958
-0.000148466 -0.000155088 -0.00016108 -0.00016606 -0.000169438 -0.000170659 -0.000168828 -0.000162778 -0.000150947 -0.000131348 -0.000101293 -5.70392e-05 6.20198e-06 9.52815e-05 0.000219417 0.000391431 0.000629282 0.000958502 0.00141539 0.00205188 0.00294213 0.00418941 0.00592873 0.00830529 0.011384 0.0149661 0.0185182 0.0215041 0.0237153 0.0251992 0.0260732 0.0264302 0.0263123 0.0257052 0.0245403 0.0227062 0.0201023 0.0167839 0.0131381 0.00975907 0.00702769 0.00498604 0.00351093 0.00245692 0.00170414 0.00116495 0.000776879 0.00049697 0.000294384 0.000147865 4.22689e-05 -3.3214e-05 -8.65797e-05 -0.000123448
-0.000155775 -0.000163293 -0.000170392 -0.000176499 -0.000181251 -0.000183865 -0.000183693 -0.000179361 -0.000169495 -0.000152111 -0.000124612 -8.35073e-05 -2.41209e-05 5.98825e-05 0.000177071 0.000338991 0.000561632 0.000867133 0.00128564 0.00185907 0.00264327 0.00371029 0.00514211 0.00700706 0.00930116 0.0118708 0.0144121 0.0166187 0.0183284 0.0195223 0.0202452 0.020545 0.0204456 0.019939 0.0189871 0.0175385 0.0155705 0.0131653 0.0105667 0.00810432 0.00601632 0.0043735 0.0031341 0.00221814 0.00154709 0.00105693 0.000699087 0.000438118 0.000247793 0.000109756 9.92317e-06 -6.11134e-05 -0.000111035 -0.00014504
-0.000164267 -0.000173083 -0.000181594 -0.000189342 -0.000195868 -0.000200601 -0.000202757 -0.000201116 -0.000194456 -0.000180831 -0.000157817 -0.000122112 -6.95004e-05 5.80124e-06 0.000111178 0.000256915 0.000456332 0.00072754 0.0010942 0.00158734 0.0022454 0.00311299 0.00423282 0.00562781 0.00727069 0.00905745 0.0108185 0.0123822 0.0136374 0.0145447 0.0151085 0.0153457 0.0152669 0.0148681 0.0141344 0.0130516 0.0116329 0.00995173 0.00815449 0.00642136 0.00489435 0.0036373 0.00264807 0.00189076 0.00132025 0.000894412 0.000578635 0.000345622 0.000174715 5.03696e-05 -3.91679e-05 -0.000102543 -0.000146481 -0.000175535
-0.000174018 -0.000184476 -0.000194647 -0.000204436 -0.000213329 -0.000220848 -0.000226172 -0.000228328 -0.000226 -0.000217585 -0.000200753 -0.000172606 -0.000129364 -6.61227e-05 2.37011e-05 0.000148485 0.000319087 0.000549648 0.000857667 0.00126477 0.00179554 0.00247522 0.00332304 0.00434125 0.00550141 0.00673608 0.00794831 0.00903953 0.00993688 0.0106023 0.0110247 0.0112046 0.0111445 0.0108437 0.0102993 0.00951495 0.00851365 0.00735051 0.00611386 0.00490549 0.00381017 0.00287567 0.00211345 0.00151097 0.00104503 0.000690176 0.000423128 0.000224292 7.78969e-05 -2.84623e-05 -0.000104298 -0.000157111 -0.0001925 -0.000214779
-0.000184934 -0.000197242 -0.00020957 -0.000221936 -0.000233729 -0.000244587 -0.000253938 -0.00026075 -0.000263956 -0.000262124 -0.000253155 -0.000234626 -0.000203196 -0.000154592 -8.35264e-05 1.69457e-05 0.000155279 0.000342044 0.000589799 0.000912874 0.00132625 0.0018431 0.00247043 0.00320316 0.00401801 0.00487161 0.00570666 0.00646418 0.00709688 0.00757445 0.00788205 0.00801443 0.00797013 0.00774971 0.00735576 0.00679781 0.00609772 0.00529439 0.00444229 0.00360133 0.00282321 0.00214133 0.00156934 0.00110546 0.000738837 0.00045513 0.000239339 7.79637e-05 -4.04083e-05 -0.000125385 -0.000184666 -0.000224416 -0.0002491 -0.000262735
-0.000197032 -0.000211383 -0.000226325 -0.000241534 -0.000256819 -0.00027178 -0.000285883 -0.000298344 -0.000308286 -0.000314374 -0.000314946 -0.000307847 -0.000290253 -0.000258728 -0.000208883 -0.000135203 -3.10863e-05 0.000110987 0.000299985 0.000545049 0.000855129 0.00123647 0.00169062 0.00221073 0.00277952 0.00336899 0.00394366 0.00446753 0.00490932 0.00524674 0.00546639 0.00556148 0.0055296 0.00537161 0.00509168 0.00469976 0.00421345 0.00365966 0.00307281 0.00248941 0.00194191 0.00145316 0.00103501 0.000689737 0.000413004 0.000196946 3.23553e-05 -8.98238e-05 -0.000178006 -0.000239292 -0.000279557 -0.00030383 -0.000315958 -0.000319192
-0.000210161 -0.000226993 -0.000244721 -0.000263346 -0.0002826 -0.000302313 -0.00032195 -0.000341052 -0.000358799 -0.000374218 -0.000385878 -0.000391908 -0.000390267 -0.000377863 -0.00035128 -0.000306244 -0.000237679 -0.000140012 -7.0607e-06 0.000167244 0.000387843 0.000657887 0.000976535 0.00133762 0.00172892 0.00213196 0.0025244 0.00288329 0.00318805 0.00342269 0.00357646 0.00364339 0.00362089 0.0035099 0.00331456 0.00304307 0.00270881 0.00233023 0.00192941 0.00152949 0.00115123 0.000810036 0.000515175 0.00026991 7.27636e-05 -8.02727e-05 -0.000194933 -0.000277543 -0.0003338 -0.000369237 -0.000388368 -0.000395229 -0.000392881 -0.000383912
-0.000224245 -0.000243728 -0.000264624 -0.000287104 -0.000310901 -0.000335976 -0.000361986 -0.000388702 -0.000415495 -0.000441524 -0.000465797 -0.000486961 -0.000503105 -0.000511959 -0.000510757 -0.000496063 -0.000464061 -0.000410476 -0.000330766 -0.000221153 -7.81259e-05 9.9518e-05 0.000310634 0.000550469 0.000810456 0.00107848 0.00134022 0.00158055 0.00178598 0.00194517 0.00205005 0.00209589 0.00208049 0.00200456 0.00187155 0.00168797 0.00146337 0.00121039 0.000943512 0.000677657 0.000426372 0.000199904 5.0188e-06 -0.000155403 -0.000281589 -0.000375859 -0.000442049 -0.000484489 -0.000507494 -0.000515175 -0.000511139 -0.000498449 -0.000479766 -0.000457
-0.000239072 -0.000261514 -0.000286035 -0.000312656 -0.000341586 -0.000372596 -0.000405762 -0.000441123 -0.000478011 -0.000516119 -0.000554801 -0.00059291 -0.000629053 -0.000661456 -0.000687924 -0.000705671 -0.000711587 -0.000702351 -0.000674508 -0.000624931 -0.000551251 -0.000452401 -0.000329392 -0.000185392 -2.61055e-05 0.000140585 0.000305271 0.000458164 0.00058999 0.000692981 0.000761336 0.00079122 0.000781125 0.000731586 0.000645197 0.000526825 0.000383225 0.000223157 5.61518e-05 -0.000108029 -0.000260674 -0.000394895 -0.000506158 -0.000592471 -0.000654023 -0.000692542 -0.000710814 -0.00071215 -0.000700023 -0.000677686 -0.000648098 -0.000613739 -0.000576536 -0.00053817
-0.000254453 -0.00028012 -0.000308439 -0.000339735 -0.000374161 -0.000411926 -0.000453126 -0.000497933 -0.000546328 -0.0005981 -0.000652964 -0.000710137 -0.00076876 -0.000827421 -0.00088446 -0.000937492 -0.000983806 -0.00102054 -0.00104466 -0.00105331 -0.00104415 -0.00101588 -0.000968712 -0.000904325 -0.00082618 -0.000739276 -0.000649739 -0.00056417 -0.00048864 -0.000428624 -0.000388416 -0.000370669 -0.000376699 -0.00040601 -0.000456619 -0.00052505 -0.000606516 -0.000695004 -0.000784083 -0.000867419 -0.000939295 -0.000995552 -0.00103341 -0.00105218 -0.00105236 -0.00103576 -0.00100506 -0.000963254 -0.000913313 -0.000858125 -0.00080017 -0.000741452 -0.000683478 -0.000627507
-0.000270349 -0.000299374 -0.000331873 -0.00036815 -0.000408548 -0.000453546 -0.000503639 -0.000559056 -0.000620255 -0.000687256 -0.000760325 -0.000839138 -0.000923122 -0.00101153 -0.00110279 -0.00119504 -0.00128578 -0.00137215 -0.0014509 -0.00151897 -0.0015734 -0.00161232 -0.00163467 -0.00164074 -0.00163236 -0.00161232 -0.0015845 -0.0015533 -0.001523 -0.00149729 -0.00147949 -0.00147142 -0.00147426 -0.00148739 -0.00150954 -0.00153803 -0.00156943 -0.00159963 -0.0016241 -0.00163885 -0.00164043 -0.00162642 -0.00159581 -0.00154896 -0.00148753 -0.00141388 -0.001331 -0.00124216 -0.00115042 -0.00105847 -0.000968559 -0.000882342 -0.000800934 -0.000725126
-0.000286283 -0.000318935 -0.000355803 -0.000397423 -0.000444329 -0.000497265 -0.000556919 -0.000624053 -0.000699374 -0.000783473 -0.000877075 -0.000980409 -0.00109348 -0.00121578 -0.00134642 -0.00148363 -0.00162486 -0.00176695 -0.00190613 -0.00203843 -0.00215995 -0.00226746 -0.00235853 -0.00243192 -0.00248799 -0.00252812 -0.00255457 -0.00257025 -0.00257831 -0.00258167 -0.00258262 -0.00258266 -0.00258272 -0.00258241 -0.00258065 -0.00257531 -0.0025639 -0.00254325 -0.0025104 -0.00246267 -0.00239804 -0.00231576 -0.00221642 -0.00210162 -0.00197433 -0.00183813 -0.00169714 -0.00155513 -0.00141566 -0.00128153 -0.00115496 -0.0010373 -0.000929105 -0.000830818
-0.00030218 -0.000338533 -0.000379962 -0.000427135 -0.000480988 -0.000542454 -0.000612489 -0.000692332 -0.00078332 -0.000886559 -0.00100325 -0.00113449 -0.00128097 -0.00144289 -0.0016196 -0.0018096 -0.0020103 -0.00221791 -0.00242736 -0.00263334 -0.00283026 -0.0030129 -0.00317706 -0.00332003 -0.00344061 -0.0035391 -0.00361686 -0.00367591 -0.0037189 -0.00374812 -0.00376569 -0.00377304 -0.00377065 -0.00375838 -0.00373523 -0.00369949 -0.0036488 -0.00358077 -0.00349301 -0.00338362 -0.00325182 -0.00309804 -0.00292434 -0.00273403 -0.00253191 -0.00232353 -0.00211439 -0.00190979 -0.00171416 -0.00153056 -0.00136119 -0.00120711 -0.00106837 -0.0009446
-0.000317618 -0.000357826 -0.000403969 -0.000456924 -0.000518009 -0.000588349 -0.000669585 -0.000763283 -0.00087135 -0.000995714 -0.00113865 -0.00130182 -0.00148701 -0.00169545 -0.00192712 -0.0021809 -0.00245387 -0.00274126 -0.0030364 -0.00333157 -0.00361839 -0.00388883 -0.00413644 -0.00435639 -0.00454636 -0.00470564 -0.00483522 -0.00493716 -0.00501384 -0.00506782 -0.0051011 -0.00511501 -0.00511047 -0.00508705 -0.00504375 -0.00497867 -0.00488972 -0.00477433 -0.00463013 -0.00445558 -0.0042505 -0.00401625 -0.00375653 -0.00347709 -0.00318518 -0.00288898 -0.00259681 -0.00231602 -0.00205225 -0.00180938 -0.00158929 -0.00139262 -0.00121863 -0.00106589
-0.000332388 -0.000376336 -0.000427193 -0.000486178 -0.000554686 -0.000634377 -0.000727407 -0.000835855 -0.000962567 -0.00111036 -0.00128246 -0.00148214 -0.00171261 -0.00197624 -0.00227437 -0.00260655 -0.00296981 -0.00335792 -0.00376182 -0.00416979 -0.0045693 -0.00494802 -0.00529621 -0.00560653 -0.00587541 -0.0061018 -0.00628698 -0.00643357 -0.00654466 -0.00662326 -0.00667203 -0.00669253 -0.00668579 -0.0066513 -0.00658798 -0.00649349 -0.00636509 -0.00619958 -0.00599406 -0.00574654 -0.0054567 -0.0051268 -0.00476231 -0.00437178 -0.00396653 -0.00355913 -0.00316188 -0.00278529 -0.002437 -0.00212163 -0.00184086 -0.00159416 -0.00137948 -0.00119403
