data/model 3/Gy.grd
DSAA
101 101
0 80000
0 80000
-0.0538233 0.0540637
[rows 48 to 71 of 101, columns 0 to 53 of 101]
-0.000345918 -0.000393664 -0.000449253 -0.000514192 -0.000590238 -0.000679527 -0.000784751 -0.000908848 -0.00105544 -0.00122876 -0.00143342 -0.00167465 -0.00195757 -0.00228704 -0.00266643 -0.00309675 -0.00357524 -0.00409421 -0.00464055 -0.00519684 -0.00574347 -0.00626177 -0.00673642 -0.00715732 -0.00751978 -0.00782322 -0.00807032 -0.00826517 -0.00841247 -0.00851671 -0.00858119 -0.00860846 -0.00859938 -0.00855379 -0.00846984 -0.00834461 -0.00817408 -0.00795369 -0.00767889 -0.00734617 -0.00695417 -0.00650555 -0.00600758 -0.00547294 -0.004919 -0.0043653 -0.00383074 -0.00333072 -0.00287572 -0.00247081 -0.00211667 -0.00181112 -0.00154972 -0.0013274
-0.000358017 -0.00040935 -0.000469538 -0.000540298 -0.000623748 -0.00072275 -0.000840321 -0.000980505 -0.00114811 -0.00134879 -0.00158923 -0.00187703 -0.0022206 -0.00262817 -0.00310708 -0.00366123 -0.00428937 -0.00498221 -0.00572099 -0.00647882 -0.00722453 -0.00792825 -0.00856708 -0.00912716 -0.00960323 -0.00999712 -0.0103144 -0.0105624 -0.0107486 -0.0108797 -0.0109606 -0.0109946 -0.0109833 -0.0109261 -0.0108207 -0.0106628 -0.0104467 -0.010165 -0.00981026 -0.00937579 -0.00885755 -0.00825701 -0.00758339 -0.00685529 -0.00609958 -0.00534757 -0.00462885 -0.00396666 -0.0033748 -0.00285854 -0.00241606 -0.00204158 -0.00172694 -0.00146386
-0.000368207 -0.000422842 -0.000487285 -0.000563522 -0.000654261 -0.000762577 -0.000892475 -0.00104894 -0.00123795 -0.00146722 -0.00174592 -0.00208514 -0.00249749 -0.00299689 -0.00359681 -0.00430753 -0.00513198 -0.00606021 -0.00706562 -0.0081055 -0.00912823 -0.0100854 -0.0109419 -0.0116794 -0.0122949 -0.0127954 -0.0131923 -0.0134988 -0.0137266 -0.0138857 -0.0139834 -0.0140245 -0.0140109 -0.0139419 -0.0138142 -0.0136219 -0.0133561 -0.013006 -0.0125589 -0.0120022 -0.0113261 -0.0105278 -0.00961768 -0.00862226 -0.00758446 -0.0065557 -0.00558441 -0.00470584 -0.00393792 -0.00328356 -0.00273543 -0.00228135 -0.00190717 -0.00159974
-0.000376107 -0.000433604 -0.000501903 -0.000583196 -0.000680653 -0.000797747 -0.0009394 -0.00111151 -0.0013218 -0.00157996 -0.00189838 -0.00229233 -0.00278063 -0.00338525 -0.00412993 -0.00503681 -0.00611895 -0.00737005 -0.00875338 -0.0101991 -0.0116182 -0.0129287 -0.0140764 -0.0150407 -0.0158259 -0.0164501 -0.016936 -0.0173054 -0.0175767 -0.0177646 -0.0178793 -0.0179274 -0.0179114 -0.0178306 -0.0176803 -0.0174522 -0.0171339 -0.0167088 -0.0161567 -0.0154546 -0.0145816 -0.0135249 -0.0122912 -0.0109174 -0.0094737 -0.00804876 -0.0067247 -0.00555554 -0.00456178 -0.00373832 -0.00306674 -0.0025232 -0.00208451 -0.0017305
-0.000381222 -0.000441276 -0.000512894 -0.000598539 -0.000701702 -0.000826734 -0.00097894 -0.00116555 -0.00139592 -0.00168194 -0.00203959 -0.00248921 -0.0030575 -0.00377768 -0.00468944 -0.00583557 -0.00725197 -0.00894757 -0.0108766 -0.0129226 -0.0149231 -0.0167325 -0.0182691 -0.0195179 -0.0205038 -0.0212669 -0.0218482 -0.0222826 -0.0225978 -0.0228139 -0.0229451 -0.0229999 -0.0229817 -0.0228894 -0.0227171 -0.0224536 -0.0220818 -0.0215778 -0.0209104 -0.0200412 -0.0189284 -0.0175369 -0.0158583 -0.0139385 -0.0118945 -0.00988823 -0.00806577 -0.00650816 -0.0052302 -0.00420642 -0.00339575 -0.00275609 -0.00225083 -0.00185002
-0.00038334 -0.000445283 -0.000519383 -0.000608539 -0.000716472 -0.000847992 -0.00100919 -0.0012083 -0.00145617 -0.0017672 -0.00216087 -0.00266338 -0.0033102 -0.00414894 -0.00524148 -0.00666406 -0.00849763 -0.010796 -0.0135208 -0.0164759 -0.0193453 -0.0218578 -0.0239002 -0.02549 -0.0266996 -0.0276089 -0.0282859 -0.0287832 -0.0291394 -0.0293816 -0.0295277 -0.0295886 -0.0295683 -0.0294658 -0.0292733 -0.0289768 -0.0285541 -0.0279726 -0.0271869 -0.026137 -0.0247475 -0.0229385 -0.0206568 -0.0179412 -0.0149878 -0.0121127 -0.00958734 -0.0075243 -0.00590563 -0.00465839 -0.0037015 -0.00296534 -0.00239583 -0.00195144
-0.00038208 -0.000445207 -0.000520986 -0.000612584 -0.000723914 -0.000860148 -0.00102808 -0.00123683 -0.00149848 -0.0018297 -0.00225306 -0.00280045 -0.00351637 -0.00446365 -0.00573117 -0.0074412 -0.00975059 -0.0128181 -0.0166784 -0.0210165 -0.0251778 -0.0286412 -0.0312928 -0.0332528 -0.0346865 -0.0357332 -0.0364962 -0.0370481 -0.0374391 -0.0377028 -0.0378613 -0.037927 -0.0379052 -0.0377941 -0.0375851 -0.0372612 -0.0367947 -0.0361448 -0.0352507 -0.0340255 -0.0323483 -0.0300632 -0.0270119 -0.0231607 -0.0188242 -0.0146574 -0.0111816 -0.00850957 -0.00652089 -0.00504989 -0.00395515 -0.0031331 -0.00250773 -0.00202697
-0.000377138 -0.000440703 -0.000517207 -0.000609989 -0.000723113 -0.000862037 -0.00103401 -0.00124868 -0.00151916 -0.00186363 -0.00230727 -0.00288608 -0.00365178 -0.00468065 -0.00608617 -0.00803893 -0.0107915 -0.0146802 -0.0199614 -0.0262208 -0.0321093 -0.0366723 -0.0399282 -0.0422153 -0.0438315 -0.0449842 -0.0458108 -0.046402 -0.0468174 -0.0470962 -0.0472628 -0.047332 -0.047309 -0.0471922 -0.0469718 -0.0466286 -0.0461312 -0.0454315 -0.0444555 -0.0430919 -0.0411717 -0.0384429 -0.0345704 -0.0292979 -0.0230402 -0.0171464 -0.0125708 -0.00929462 -0.00697948 -0.0053265 -0.00412605 -0.00324009 -0.00257586 -0.00206975
-0.000368474 -0.000431658 -0.000507761 -0.000600333 -0.0007134 -0.000852763 -0.00102564 -0.00124208 -0.00151554 -0.00186495 -0.0023167 -0.00290869 -0.00369653 -0.00476303 -0.00623481 -0.00831089 -0.0113071 -0.0157053 -0.0220261 -0.029875 -0.037128 -0.0424297 -0.0460366 -0.0484962 -0.050203 -0.051406 -0.052262 -0.0528709 -0.0532971 -0.0535824 -0.0537527 -0.0538233 -0.0538 -0.0536807 -0.0534553 -0.0531037 -0.0525925 -0.0518699 -0.0508556 -0.0494249 -0.0473809 -0.0444079 -0.0400253 -0.0337126 -0.0258656 -0.0186073 -0.0132937 -0.0096668 -0.00717964 -0.00543669 -0.00418701 -0.00327217 -0.00259083 -0.00207453
-0.00035586 -0.000417651 -0.000492399 -0.000583368 -0.000694737 -0.000831982 -0.00100245 -0.00121601 -0.00148613 -0.00183144 -0.00227785 -0.00286264 -0.00364026 -0.00469103 -0.00613731 -0.00816774 -0.0110753 -0.0152858 -0.0212093 -0.0284303 -0.0351515 -0.0401771 -0.0436568 -0.0460544 -0.0477283 -0.0489128 -0.0497577 -0.0503596 -0.0507814 -0.051064 -0.0512327 -0.0513027 -0.0512795 -0.0511614 -0.050938 -0.0505898 -0.0500841 -0.0493703 -0.0483702 -0.046964 -0.0449645 -0.0420794 -0.0378841 -0.0319686 -0.0247495 -0.0180232 -0.012986 -0.00948692 -0.0070626 -0.00535347 -0.0041238 -0.00322155 -0.00254782 -0.00203813
-0.000339296 -0.000399026 -0.000471236 -0.000559094 -0.000666742 -0.000799502 -0.000964341 -0.00117072 -0.00143126 -0.00176344 -0.00219146 -0.00274948 -0.0034859 -0.00447098 -0.00580677 -0.00764065 -0.0101774 -0.0136579 -0.0182058 -0.0234457 -0.0284276 -0.0324356 -0.0353971 -0.0375277 -0.0390568 -0.0401584 -0.0409538 -0.0415251 -0.0419279 -0.0421987 -0.0423609 -0.0424281 -0.0424058 -0.0422921 -0.0420778 -0.0417447 -0.0412631 -0.040588 -0.0396518 -0.0383545 -0.0365502 -0.034035 -0.0305689 -0.0260288 -0.0207906 -0.0158036 -0.0117845 -0.00880489 -0.00664828 -0.00508513 -0.00393994 -0.00308937 -0.0024495 -0.00196148
-0.000318992 -0.000375592 -0.000444176 -0.000527779 -0.000629969 -0.000755955 -0.000912111 -0.00110704 -0.00135243 -0.00166385 -0.00206234 -0.00257718 -0.00324854 -0.00413174 -0.00530191 -0.00685731 -0.00891301 -0.0115658 -0.0148007 -0.0183662 -0.0218104 -0.0247579 -0.027087 -0.0288537 -0.0301708 -0.0311453 -0.0318624 -0.0323846 -0.0327561 -0.0330076 -0.0331588 -0.0332217 -0.0332008 -0.0330946 -0.0328951 -0.0325865 -0.0321441 -0.031531 -0.0306942 -0.0295605 -0.028033 -0.0259977 -0.0233585 -0.020131 -0.016567 -0.013118 -0.0101599 -0.0078135 -0.00602262 -0.00467322 -0.0036572 -0.00288789 -0.00230059 -0.00184783
-0.00029489 -0.000347693 -0.000411831 -0.000489689 -0.000584876 -0.000702007 -0.000846866 -0.00102703 -0.00125263 -0.00153698 -0.00189781 -0.00235853 -0.00295012 -0.00371281 -0.00469689 -0.00596035 -0.00755819 -0.00951672 -0.0117901 -0.0142273 -0.0166036 -0.0187217 -0.0204842 -0.0218864 -0.0229727 -0.0238007 -0.0244237 -0.0248847 -0.0252167 -0.0254433 -0.0255802 -0.0256373 -0.0256184 -0.025522 -0.0253417 -0.0250647 -0.0246715 -0.0241342 -0.0234147 -0.0224645 -0.0212271 -0.0196482 -0.0177023 -0.0154358 -0.0129999 -0.0106192 -0.00849116 -0.0067128 -0.00528781 -0.00417141 -0.00330472 -0.00263306 -0.00211098 -0.00170347
-0.000267391 -0.000315767 -0.000374314 -0.000445436 -0.000532302 -0.000638861 -0.000770191 -0.000932797 -0.00113531 -0.00138842 -0.00170644 -0.00210732 -0.00261348 -0.00325241 -0.00405533 -0.00505355 -0.00626971 -0.00770321 -0.00931229 -0.0110075 -0.0126696 -0.0141902 -0.0155027 -0.0165876 -0.0174571 -0.0181388 -0.0186632 -0.0190581 -0.0193461 -0.0195446 -0.0196652 -0.0197157 -0.0196988 -0.0196138 -0.0194554 -0.0192138 -0.0188747 -0.018418 -0.0178186 -0.0170467 -0.0160722 -0.0148734 -0.0134515 -0.0118486 -0.0101545 -0.00848848 -0.00695874 -0.00563142 -0.00452582 -0.00362872 -0.00291175 -0.00234261 -0.00189215 -0.00153509
-0.000236801 -0.000279967 -0.000332312 -0.000395725 -0.000473049 -0.000567682 -0.000683821 -0.000827039 -0.00100411 -0.00122376 -0.00149674 -0.00183624 -0.00225804 -0.00277982 -0.00341993 -0.00419405 -0.0051095 -0.00615767 -0.00730744 -0.00850485 -0.00968309 -0.0107794 -0.0117506 -0.0125769 -0.013258 -0.0138052 -0.014235 -0.014564 -0.014807 -0.0149759 -0.0150793 -0.0151227 -0.0151082 -0.0150351 -0.0148997 -0.0146949 -0.0144104 -0.0140329 -0.0135464 -0.0129339 -0.012181 -0.011281 -0.0102431 -0.00909887 -0.00790232 -0.00672063 -0.005616 -0.00463167 -0.0037868 -0.00308115 -0.00250217 -0.00203248 -0.00165373 -0.00134909
-0.00020333 -0.000240828 -0.000286264 -0.000341224 -0.000408148 -0.000489785 -0.000589608 -0.000712159 -0.000862591 -0.00104777 -0.00127557 -0.00155544 -0.00189779 -0.00231378 -0.00281373 -0.00340479 -0.00408764 -0.00485298 -0.00567917 -0.00653267 -0.00737425 -0.00816656 -0.0088813 -0.00950272 -0.0100264 -0.0104558 -0.0107991 -0.0110658 -0.0112651 -0.0114049 -0.0114909 -0.0115271 -0.0115149 -0.011454 -0.0113415 -0.0111728 -0.0109407 -0.0106367 -0.0102513 -0.00977545 -0.00920277 -0.00853331 -0.00777689 -0.00695552 -0.00610276 -0.00525804 -0.00445854 -0.00373233 -0.00309467 -0.00254959 -0.00209248 -0.00171441 -0.0014045 -0.0011517
-0.000167473 -0.000198864 -0.00023682 -0.000282772 -0.000338571 -0.00040643 -0.000489231 -0.000590314 -0.00071382 -0.000864671 -0.00104846 -0.00127183 -0.00154149 -0.00186424 -0.00224561 -0.00268842 -0.00319099 -0.00374558 -0.00433727 -0.00494529 -0.00554555 -0.00611506 -0.00663566 -0.00709549 -0.00748959 -0.00781812 -0.00808465 -0.00829432 -0.00845259 -0.00856434 -0.00863348 -0.00866267 -0.00865285 -0.0086038 -0.0085135 -0.00837889 -0.0081955 -0.0079579 -0.00766077 -0.00729949 -0.00687209 -0.00638069 -0.00583349 -0.00524579 -0.00463841 -0.00403542 -0.0034598 -0.00292959 -0.00245611 -0.0020439 -0.00169217 -0.0013965 -0.00115053 -0.000947596
-0.000129612 -0.000154515 -0.00018459 -0.000221039 -0.000265235 -0.000318896 -0.00038416 -0.000463584 -0.000560144 -0.000677314 -0.000819005 -0.000989646 -0.00119351 -0.00143451 -0.00171545 -0.0020373 -0.0023978 -0.00279116 -0.00320732 -0.00363331 -0.00405419 -0.00445575 -0.00482615 -0.00515713 -0.00544442 -0.00568689 -0.00588585 -0.00604397 -0.00616425 -0.00624978 -0.00630289 -0.00632532 -0.00631781 -0.00627993 -0.0062107 -0.00610793 -0.00596896 -0.00579064 -0.00556997 -0.00530492 -0.00499519 -0.00464358 -0.00425615 -0.00384298 -0.00341749 -0.00299436 -0.00258792 -0.00220973 -0.00186784 -0.00156607 -0.00130514 -0.00108286 -0.000895872 -0.000739916
-9.011e-05 -0.000108258 -0.000130165 -0.000156767 -0.000188941 -0.000228138 -0.000275673 -0.000333361 -0.000403282 -0.000487762 -0.000589417 -0.000710824 -0.000854805 -0.00102348 -0.0012183 -0.00143922 -0.00168442 -0.00194973 -0.00222905 -0.002514 -0.00279572 -0.00306557 -0.00331598 -0.00354158 -0.00373917 -0.00390748 -0.00404669 -0.00415819 -0.00424351 -0.00430442 -0.00434244 -0.00435846 -0.00435299 -0.00432586 -0.00427634 -0.00420321 -0.00410482 -0.00397948 -0.00382557 -0.00364243 -0.00343034 -0.00319156 -0.00293036 -0.00265332 -0.00236855 -0.0020851 -0.00181167 -0.00155542 -0.00132177 -0.00111358 -0.000931605 -0.000775238 -0.000642487 -0.000530937
-4.94059e-05 -6.05695e-05 -7.42139e-05 -9.06634e-05 -0.000110739 -0.000135165 -0.000164915 -0.000200906 -0.000244625 -0.000297275 -0.000360421 -0.000435627 -0.000524363 -0.000627717 -0.000746337 -0.000880033 -0.00102768 -0.00118662 -0.00135333 -0.00152309 -0.00169104 -0.00185227 -0.00200248 -0.00213856 -0.0022583 -0.00236101 -0.00244644 -0.00251512 -0.00256798 -0.00260575 -0.00262941 -0.00263933 -0.00263594 -0.00261895 -0.00258811 -0.00254267 -0.0024818 -0.00240459 -0.00231035 -0.00219885 -0.0020705 -0.00192682 -0.00177034 -0.00160498 -0.00143513 -0.00126603 -0.00110243 -0.00094855 -0.000807336 -0.00068073 -0.000569447 -0.000473135 -0.00039103 -0.000321654
-7.93854e-06 -1.19841e-05 -1.70602e-05 -2.3434e-05 -3.11626e-05 -4.07423e-05 -5.25928e-05 -6.71341e-05 -8.48431e-05 -0.00010635 -0.000132188 -0.000163045 -0.000199532 -0.000242068 -0.000290825 -0.000345632 -0.000406106 -0.000471045 -0.000539172 -0.000608558 -0.000677199 -0.000743131 -0.000804693 -0.000860625 -0.000909993 -0.000952395 -0.000987833 -0.00101625 -0.00103819 -0.0010539 -0.00106371 -0.00106781 -0.00106632 -0.00105913 -0.00104613 -0.00102716 -0.00100183 -0.000969599 -0.000930536 -0.000884365 -0.000831371 -0.000772271 -0.00070799 -0.000640255 -0.000570726 -0.000501406 -0.000434358 -0.000371203 -0.000313105 -0.000260941 -0.00021498 -0.000175182 -0.000141205 -0.000112475
3.39487e-05 3.7002e-05 4.05133e-05 4.44634e-05 4.90625e-05 5.4253e-05 6.02642e-05 6.72867e-05 7.54161e-05 8.47859e-05 9.57204e-05 0.000108315 0.000122837 0.000139325 0.000157874 0.000178503 0.000200925 0.000224779 0.000249625 0.000274796 0.000299642 0.000323591 0.000345861 0.000366299 0.000384256 0.000399866 0.000412938 0.00042351 0.000431753 0.000437707 0.000441543 0.000443184 0.000442802 0.000440245 0.000435627 0.000428834 0.000419655 0.00040809 0.000394017 0.00037751 0.000358513 0.000337426 0.000314545 0.000290386 0.00026555 0.00024079 0.000216688 0.000193807 0.000172673 0.000153447 0.000136253 0.000121158 0.000108039 9.67414e-05
7.57214e-05 8.59881e-05 9.79913e-05 0.000112227 0.000129192 0.000149267 0.000173178 0.000201708 0.000235656 0.000276093 0.000324087 0.000380439 0.000446333 0.000522531 0.000609321 0.000706511 0.000813185 0.000927721 0.00104731 0.00116908 0.00128942 0.00140493 0.00151281 0.00161068 0.00169715 0.0017715 0.00183361 0.00188369 0.00192242 0.00195021 0.00196761 0.00197513 0.00197284 0.00196069 0.00193832 0.0019054 0.00186131 0.00180553 0.0017377 0.0016575 0.00156542 0.00146269 0.00135094 0.0012329 0.00111179 0.000990981 0.000873898 0.000763407 0.000661713 0.000569981 0.000488974 0.000418443 0.000357826 0.000306254
0.000117132 0.000134402 0.000154935 0.000179419 0.000208577 0.00024348 0.000285272 0.00033546 0.000395534 0.000467515 0.000553331 0.000654987 0.000774523 0.000913523 0.001073 0.00125269 0.00145107 0.00166482 0.00188903 0.00211743 0.00234322 0.00255972 0.0027612 0.00294323 0.00310338 0.00324045 0.00335417 0.00344569 0.00351593 0.00356629 0.00359793 0.00361139 0.00360709 0.00358489 0.00354436 0.0034844 0.00340395 0.00330175 0.00317673 0.00302838 0.00285738 0.0026654 0.00245619 0.00223456 0.00200691 0.0017802 0.00156085 0.00135463 0.00116573 0.000996487 0.000847773 0.000719153 0.000609225 0.000516348
