data/model 3/Gy.grd
DSAA
101 101
0 80000
0 80000
-0.0538233 0.0540637
[rows 0 to 23 of 101, columns 0 to 53 of 101]
-9.33351e-05 -0.000100339 -0.000107953 -0.000116368 -0.000125566 -0.00013568 -0.000146748 -0.000158904 -0.000172243 -0.000186804 -0.0002027 -0.000220008 -0.000238805 -0.000259147 -0.000281036 -0.00030447 -0.000329354 -0.00035565 -0.000383149 -0.000411602 -0.000440837 -0.000470263 -0.000499536 -0.000528218 -0.000555602 -0.000581173 -0.000604264 -0.000624454 -0.000641094 -0.000653746 -0.000662124 -0.000665921 -0.000665005 -0.000659586 -0.000649681 -0.000635617 -0.000617851 -0.000596841 -0.00057312 -0.000547377 -0.000519993 -0.000491922 -0.000463393 -0.000435017 -0.000407251 -0.000380325 -0.000354753 -0.000330556 -0.000307962 -0.000287047 -0.000267983 -0.000250617 -0.000235084 -0.000221325
-9.7228e-05 -0.00010467 -0.000112895 -0.000122055 -0.000131997 -0.000143046 -0.00015524 -0.000168675 -0.000183464 -0.000199685 -0.000217566 -0.000237221 -0.000258651 -0.000282009 -0.000307237 -0.000334583 -0.00036378 -0.000394866 -0.000427708 -0.000461943 -0.000497113 -0.000533027 -0.000568884 -0.00060413 -0.000638022 -0.000669795 -0.000698744 -0.000723914 -0.000744772 -0.000760707 -0.000771126 -0.000775839 -0.000774752 -0.000767729 -0.000755172 -0.000737368 -0.000714907 -0.000688439 -0.000658708 -0.000626572 -0.0005927 -0.000557911 -0.000522913 -0.000488258 -0.0004545 -0.000422174 -0.000391584 -0.000362806 -0.000336128 -0.000311569 -0.000289241 -0.000268994 -0.000251018 -0.000235122
-0.000101102 -0.000109059 -0.000117895 -0.000127742 -0.000138695 -0.00015068 -0.00016398 -0.000178808 -0.000195181 -0.000213367 -0.000233443 -0.000255636 -0.000280024 -0.000306855 -0.000336128 -0.000368016 -0.000402404 -0.000439253 -0.000478545 -0.000519745 -0.000562548 -0.000606363 -0.000650617 -0.000694336 -0.000736567 -0.000776431 -0.000812784 -0.000844634 -0.000871025 -0.000891139 -0.000904421 -0.000910337 -0.000908772 -0.000899745 -0.00088362 -0.000860931 -0.000832401 -0.000798892 -0.000761355 -0.000720957 -0.00067863 -0.000635484 -0.000592203 -0.000549744 -0.000508792 -0.00046971 -0.000432956 -0.000398683 -0.0003671 -0.000338285 -0.000312198 -0.000288764 -0.000267945 -0.000249682
-0.000104861 -0.000113429 -0.000122971 -0.000133524 -0.000145298 -0.000158389 -0.000172988 -0.000189285 -0.000207394 -0.000227641 -0.000250178 -0.000275311 -0.000303115 -0.000333915 -0.000367883 -0.000405114 -0.000445627 -0.000489556 -0.000536538 -0.000586421 -0.000638709 -0.000692695 -0.000747463 -0.000802098 -0.000855148 -0.000905489 -0.000951613 -0.000992146 -0.00102581 -0.00105161 -0.0010685 -0.00107602 -0.0010739 -0.00106218 -0.00104148 -0.00101222 -0.000975639 -0.000932874 -0.000885242 -0.0008341 -0.000780896 -0.000726891 -0.000673325 -0.000621038 -0.000570983 -0.000523619 -0.000479423 -0.000438585 -0.000401221 -0.000367482 -0.000337006 -0.000309851 -0.000285902 -0.000264853
-0.000108697 -0.000117819 -0.000127933 -0.000139363 -0.000152015 -0.000166194 -0.000182147 -0.000200009 -0.000220008 -0.000242507 -0.000267773 -0.000296092 -0.000327808 -0.000363188 -0.000402461 -0.000446008 -0.000493869 -0.000546213 -0.000602833 -0.000663459 -0.00072754 -0.000794407 -0.000862801 -0.000931442 -0.000998653 -0.00106279 -0.0011218 -0.00117391 -0.00121723 -0.00125047 -0.00127227 -0.00128198 -0.00127915 -0.00126396 -0.00123689 -0.00119912 -0.00115181 -0.00109672 -0.00103567 -0.000970505 -0.000903123 -0.000835302 -0.000768454 -0.000703858 -0.000642373 -0.000584876 -0.000531672 -0.000482953 -0.000438795 -0.000399045 -0.000363665 -0.000332255 -0.00030468 -0.000280673
-0.000112456 -0.000122131 -0.000132951 -0.00014505 -0.000158675 -0.000174037 -0.000191307 -0.000210867 -0.000232889 -0.000257869 -0.00028615 -0.000318038 -0.000354047 -0.000394637 -0.000440169 -0.000491082 -0.000547664 -0.000610141 -0.000678516 -0.000752501 -0.000831524 -0.000914706 -0.00100064 -0.00108768 -0.00117353 -0.00125583 -0.00133207 -0.00139961 -0.00145607 -0.00149935 -0.00152781 -0.00154038 -0.0015366 -0.00151659 -0.00148113 -0.0014317 -0.00137005 -0.00129858 -0.0012196 -0.00113596 -0.00105002 -0.000964112 -0.000880262 -0.00079996 -0.000724468 -0.000654376 -0.0005902 -0.000531996 -0.000479766 -0.000433318 -0.000392118 -0.000355946 -0.000324373 -0.000296913
-0.000116101 -0.000126291 -0.000137722 -0.00015066 -0.00016524 -0.000181728 -0.000200524 -0.000221764 -0.000245961 -0.000273593 -0.000305023 -0.000340918 -0.000381756 -0.000428223 -0.00048093 -0.00054045 -0.000607336 -0.000682046 -0.000764752 -0.00085532 -0.000953254 -0.00105743 -0.00116614 -0.00127728 -0.00138781 -0.00149462 -0.0015941 -0.00168259 -0.00175673 -0.00181373 -0.00185115 -0.00186773 -0.0018625 -0.00183607 -0.00178919 -0.00172398 -0.00164286 -0.00154912 -0.00144626 -0.00133782 -0.00122732 -0.00111798 -0.00101214 -0.000911882 -0.000818528 -0.000732979 -0.000655492 -0.000586097 -0.000524344 -0.000470005 -0.000422307 -0.000380668 -0.000344735 -0.000313687
-0.000119517 -0.000130299 -0.000142398 -0.000156023 -0.000171614 -0.000189304 -0.000209474 -0.000232622 -0.000259014 -0.000289451 -0.000324354 -0.000364467 -0.000410648 -0.000463737 -0.000524535 -0.000594055 -0.000673173 -0.000762519 -0.000862858 -0.000974055 -0.00109584 -0.00122704 -0.00136564 -0.00150876 -0.00165253 -0.00179237 -0.00192344 -0.00204053 -0.00213896 -0.00221472 -0.00226453 -0.00228649 -0.00227949 -0.00224403 -0.00218155 -0.00209463 -0.00198694 -0.00186287 -0.00172749 -0.0015858 -0.00144256 -0.00130211 -0.00116779 -0.00104201 -0.000926395 -0.000821744 -0.000728141 -0.000645235 -0.000572472 -0.000509001 -0.000453909 -0.000406392 -0.000365535 -0.000330575
-0.000122818 -0.000134039 -0.000146768 -0.000161194 -0.000177701 -0.000196555 -0.000218157 -0.000243137 -0.000271838 -0.00030508 -0.000343666 -0.000388454 -0.000440398 -0.000500758 -0.000570754 -0.000651743 -0.000745135 -0.000852095 -0.000973826 -0.00111075 -0.00126286 -0.00142905 -0.00160694 -0.00179285 -0.0019815 -0.00216671 -0.0023412 -0.00249772 -0.00262972 -0.00273139 -0.00279824 -0.00282767 -0.00281822 -0.00277042 -0.00268624 -0.00256947 -0.00242492 -0.00225914 -0.00207917 -0.0018921 -0.00170483 -0.00152314 -0.00135156 -0.00119309 -0.00104946 -0.000921252 -0.000808176 -0.000709411 -0.000623767 -0.00055002 -0.000486674 -0.000432584 -0.000386508 -0.00034733
-0.000125738 -0.000137512 -0.000150794 -0.000165984 -0.000183312 -0.000203291 -0.000226401 -0.000253041 -0.000284165 -0.000320385 -0.000362711 -0.000412308 -0.000470511 -0.000538771 -0.000619034 -0.000713075 -0.000822955 -0.000950735 -0.00109842 -0.00126727 -0.00145794 -0.00166957 -0.00189956 -0.0021432 -0.00239326 -0.00264094 -0.00287587 -0.0030876 -0.00326638 -0.00340411 -0.00349471 -0.00353439 -0.00352147 -0.00345662 -0.00334232 -0.00318385 -0.00298808 -0.00276408 -0.00252216 -0.00227273 -0.00202557 -0.00178874 -0.00156836 -0.00136791 -0.00118907 -0.00103197 -0.000895557 -0.000778215 -0.000677829 -0.00059248 -0.00052007 -0.000458813 -0.000407117 -0.000363579
-0.000128524 -0.000140699 -0.000154458 -0.00017024 -0.000188445 -0.000209474 -0.00023392 -0.000262372 -0.000295653 -0.000334773 -0.000380954 -0.000435532 -0.000500223 -0.00057709 -0.00066844 -0.000777023 -0.000905814 -0.00105802 -0.00123696 -0.00144514 -0.00168461 -0.00195528 -0.00225466 -0.00257667 -0.00291182 -0.00324694 -0.00356692 -0.0038563 -0.00410081 -0.004289 -0.00441262 -0.00446663 -0.00444894 -0.00436024 -0.0042041 -0.00398704 -0.00371906 -0.00341316 -0.00308427 -0.00274801 -0.00241873 -0.00210777 -0.00182308 -0.00156869 -0.00134593 -0.00115368 -0.000989617 -0.000850693 -0.000733685 -0.000635493 -0.000553331 -0.000484518 -0.000427002 -0.000379008
-0.00013089 -0.000143352 -0.000157645 -0.00017398 -0.000192948 -0.000214875 -0.000240503 -0.000270616 -0.000306034 -0.000348017 -0.000397862 -0.000457401 -0.000528714 -0.000614512 -0.00071777 -0.000842229 -0.000992203 -0.00117254 -0.00138835 -0.00164469 -0.00194557 -0.0022929 -0.00268485 -0.00311427 -0.00356807 -0.00402703 -0.00446818 -0.00486796 -0.00520549 -0.00546444 -0.005634 -0.00570787 -0.00568352 -0.00556188 -0.00534711 -0.00504777 -0.00467733 -0.00425462 -0.0038022 -0.00334383 -0.00290082 -0.00248955 -0.00212023 -0.00179699 -0.00151968 -0.00128512 -0.00108869 -0.000925336 -0.000789961 -0.000677963 -0.000585439 -0.000508868 -0.000445531 -0.00039311
-0.000132932 -0.000145642 -0.000160278 -0.00017709 -0.000196631 -0.000219359 -0.000246018 -0.000277524 -0.00031487 -0.000359391 -0.000412785 -0.000477056 -0.000554934 -0.000649643 -0.000765172 -0.000906463 -0.00107953 -0.0012915 -0.00155023 -0.00186424 -0.00224155 -0.0026876 -0.00320307 -0.00378042 -0.00440154 -0.00503786 -0.00565344 -0.00621166 -0.00668104 -0.00703898 -0.00727189 -0.00737288 -0.00733955 -0.00717261 -0.00687644 -0.00646112 -0.00594452 -0.00535387 -0.00472374 -0.00409154 -0.00348996 -0.0029428 -0.00246236 -0.00205204 -0.00170807 -0.00142364 -0.00119037 -0.00099995 -0.000844748 -0.000718314 -0.000615208 -0.000530937 -0.000461943 -0.000405333
-0.000134535 -0.000147474 -0.000162339 -0.000179438 -0.000199399 -0.000222756 -0.000250255 -0.000282849 -0.000321816 -0.000368474 -0.000424998 -0.00049364 -0.000577605 -0.00068092 -0.000808471 -0.000966994 -0.00116431 -0.0014105 -0.00171743 -0.00209887 -0.00256905 -0.00314049 -0.00381956 -0.00460052 -0.00545948 -0.0063527 -0.00722214 -0.0080088 -0.00866478 -0.00915976 -0.00947871 -0.00961609 -0.00957058 -0.00934263 -0.00893509 -0.00835743 -0.00763175 -0.00679732 -0.00590895 -0.00502691 -0.00420333 -0.00347225 -0.0028479 -0.0023292 -0.00190597 -0.00156445 -0.00129047 -0.0010711 -0.000895499 -0.000754629 -0.000641247 -0.000549686 -0.000475444 -0.00041496
-0.000135776 -0.000148771 -0.000163713 -0.000181002 -0.00020123 -0.000224913 -0.000252984 -0.000286341 -0.000326396 -0.000374791 -0.000433757 -0.000506044 -0.000595295 -0.000706244 -0.000845149 -0.00102004 -0.00124143 -0.00152294 -0.00188157 -0.00233849 -0.00291766 -0.00364383 -0.00453558 -0.00559472 -0.00679241 -0.00806065 -0.00930221 -0.0104181 -0.0113354 -0.0120157 -0.0124476 -0.0126318 -0.0125708 -0.0122637 -0.0117077 -0.0109067 -0.00988374 -0.00869434 -0.00742694 -0.00618375 -0.00504996 -0.0040738 -0.00326719 -0.00261818 -0.00210407 -0.00170007 -0.00138325 -0.00113472 -0.000939152 -0.000784513 -0.000661828 -0.000563712 -0.000485138 -0.000421658
-0.000136482 -0.000149496 -0.000164419 -0.000181728 -0.000201937 -0.000225771 -0.000253938 -0.000287696 -0.000328381 -0.000377787 -0.000438413 -0.000513219 -0.000606478 -0.000723628 -0.000871999 -0.00106132 -0.0013048 -0.00162011 -0.00203047 -0.0025664 -0.00326604 -0.00417346 -0.00533098 -0.00676106 -0.00843601 -0.0102515 -0.0120377 -0.0136225 -0.0148948 -0.0158148 -0.0163869 -0.0166279 -0.0165482 -0.0161442 -0.0154005 -0.0143036 -0.0128665 -0.0111629 -0.00933937 -0.00757659 -0.00601675 -0.00472414 -0.00369698 -0.00289985 -0.00228803 -0.00181998 -0.00146144 -0.00118547 -0.000971965 -0.000805618 -0.000675091 -0.00057208 -0.000489995 -0.000424454
-0.000136787 -0.000149668 -0.000164438 -0.000181575 -0.000201555 -0.000225142 -0.000253117 -0.000286742 -0.000327407 -0.000377023 -0.000438184 -0.000514307 -0.000609817 -0.000730918 -0.000885968 -0.00108615 -0.00134739 -0.00169129 -0.00214785 -0.00275843 -0.00357873 -0.00468017 -0.00614464 -0.00803987 -0.0103616 -0.0129561 -0.0155192 -0.017744 -0.0194684 -0.0206734 -0.0214034 -0.0217065 -0.0216065 -0.0210952 -0.020135 -0.0186742 -0.0166903 -0.0142658 -0.0116448 -0.00915677 -0.00704057 -0.00536712 -0.00409506 -0.00314472 -0.002438 -0.00191118 -0.00151617 -0.00121779 -0.000990218 -0.000815408 -0.000679604 -0.000573397 -0.000489642 -0.000423099
-0.000136806 -0.000149325 -0.00016377 -0.000180487 -0.000200085 -0.000223042 -0.000250407 -0.000283345 -0.000323228 -0.000372214 -0.000432688 -0.000508391 -0.000604016 -0.000726281 -0.00088404 -0.00108996 -0.0013619 -0.00172507 -0.00221529 -0.00288448 -0.00380622 -0.00508362 -0.0068514 -0.00925439 -0.0123572 -0.015961 -0.0195319 -0.0225338 -0.0247579 -0.0262514 -0.0271317 -0.0274916 -0.0273731 -0.0267622 -0.02559 -0.0237454 -0.0211277 -0.0177926 -0.0141272 -0.010726 -0.00797018 -0.00590185 -0.00439833 -0.00331436 -0.00253042 -0.00195917 -0.00153856 -0.00122565 -0.000990304 -0.000811229 -0.000673669 -0.000566833 -0.000483182 -0.000417059
-0.000136291 -0.000148466 -0.000162435 -0.000178522 -0.000197395 -0.000219531 -0.000245828 -0.000277486 -0.000315939 -0.000363016 -0.000421487 -0.000494937 -0.000588291 -0.000708056 -0.000863908 -0.00106901 -0.00134232 -0.00171119 -0.00221539 -0.00291394 -0.00389353 -0.00528251 -0.00726288 -0.0100627 -0.0138506 -0.0184181 -0.0229528 -0.0266393 -0.0292583 -0.0309599 -0.0319416 -0.0323387 -0.0322082 -0.0315313 -0.0302118 -0.0280782 -0.0249318 -0.0207548 -0.016079 -0.0118358 -0.00855013 -0.00618991 -0.00453223 -0.00336772 -0.00254239 -0.00195065 -0.00152092 -0.0012045 -0.000969007 -0.000791716 -0.000656008 -0.00055169 -0.000470091 -0.000405867
-0.00013547 -0.000147226 -0.000160545 -0.000175831 -0.000193693 -0.000214665 -0.000239435 -0.000269185 -0.000305309 -0.00034962 -0.000404675 -0.00047387 -0.000562052 -0.000675749 -0.000824291 -0.00102085 -0.0012844 -0.00164259 -0.00213573 -0.00282408 -0.00379765 -0.00519045 -0.00719684 -0.0100679 -0.0140067 -0.0188097 -0.0235813 -0.027422 -0.0301183 -0.0318538 -0.032849 -0.0332501 -0.0331183 -0.0324336 -0.0310923 -0.0289068 -0.0256489 -0.0212719 -0.0163453 -0.0119044 -0.00851187 -0.0061068 -0.00443624 -0.00327378 -0.00245721 -0.00187615 -0.00145737 -0.00115148 -0.000924925 -0.000755192 -0.00062641 -0.000527264 -0.000450722 -0.00039
-0.00013444 -0.000145565 -0.000158122 -0.000172511 -0.00018917 -0.000208482 -0.000231401 -0.000258747 -0.000291665 -0.000332121 -0.00038229 -0.000445245 -0.000525585 -0.000629282 -0.000765019 -0.000945125 -0.00118731 -0.00151718 -0.00197246 -0.00260823 -0.00350584 -0.00478264 -0.00660059 -0.00915067 -0.012552 -0.0165985 -0.0206159 -0.0239272 -0.0263163 -0.0278848 -0.0287945 -0.0291633 -0.029042 -0.0284139 -0.0271937 -0.025236 -0.0223866 -0.0186641 -0.0145309 -0.0107498 -0.00777663 -0.00561658 -0.00409275 -0.00302348 -0.00226952 -0.00173301 -0.00134677 -0.00106528 -0.000857591 -0.000702236 -0.000584771 -0.000494451 -0.000424693 -0.000369657
-0.000133238 -0.0001436 -0.000155374 -0.000168599 -0.000183846 -0.000201345 -0.000221974 -0.000246266 -0.000275502 -0.000311053 -0.000354944 -0.000409846 -0.000479671 -0.000569666 -0.00068737 -0.000843451 -0.00105317 -0.00133862 -0.00173154 -0.00227731 -0.00304038 -0.00410836 -0.00558986 -0.00759079 -0.010139 -0.0130614 -0.0159587 -0.018429 -0.0202906 -0.0215561 -0.0223069 -0.0226147 -0.0225134 -0.0219914 -0.0209943 -0.0194396 -0.0172665 -0.0145443 -0.0115774 -0.00880449 -0.00652417 -0.00479442 -0.00353462 -0.002632 -0.00198756 -0.00152558 -0.00119186 -0.000948178 -0.000768206 -0.00063368 -0.000531949 -0.000453623 -0.000392748 -0.000344534
-0.000131902 -0.000141596 -0.000152321 -0.0001644 -0.000177987 -0.00019354 -0.000211383 -0.000232393 -0.00025722 -0.00028699 -0.000323476 -0.000368684 -0.000425723 -0.000498792 -0.000593825 -0.000719354 -0.000887303 -0.00111489 -0.00142621 -0.00185489 -0.00244591 -0.00325623 -0.00434767 -0.0057659 -0.00749823 -0.009426 -0.0113339 -0.0130038 -0.0143109 -0.0152303 -0.0157888 -0.0160208 -0.0159442 -0.0155529 -0.014819 -0.0137076 -0.012211 -0.0103998 -0.00845228 -0.00660051 -0.00501831 -0.00376725 -0.00282432 -0.0021318 -0.00162882 -0.0012644 -0.000999149 -0.000804445 -0.000660234 -0.000551795 -0.000469423 -0.000405944 -0.000356146 -0.000316549
-0.000130566 -0.000139478 -0.000149267 -0.00016003 -0.000171938 -0.000185296 -0.000200276 -0.000217489 -0.00023745 -0.000260922 -0.000289051 -0.000323305 -0.000365688 -0.000419235 -0.000488029 -0.000577891 -0.000697103 -0.000857095 -0.00107394 -0.00136905 -0.00177016 -0.00230927 -0.00301699 -0.00390935 -0.00496702 -0.00612065 -0.00726019 -0.00827403 -0.00908827 -0.00967548 -0.0100393 -0.010192 -0.0101416 -0.0098852 -0.00941147 -0.00871005 -0.00779027 -0.0067018 -0.00554067 -0.00442361 -0.00344363 -0.00264435 -0.00202461 -0.00155908 -0.00121529 -0.000962939 -0.000777471 -0.000640245 -0.000537502 -0.000459767 -0.000399808 -0.000353103 -0.00031591 -0.000285759
