data/model 3/Gy.grd
DSAA
101 101
0 80000
0 80000
-0.0538233 0.0540637
[rows 72 to 95 of 101, columns 0 to 53 of 101]
0.000157683 0.00018188 0.000210753 0.000245198 0.000286474 0.00033609 0.000395839 0.000467801 0.000554438 0.000658746 0.000783873 0.000933312 0.00111031 0.00131799 0.00155826 0.00183138 0.00213541 0.00246516 0.00281286 0.00316793 0.00351879 0.00385424 0.00416483 0.00444367 0.00468708 0.00489361 0.00506408 0.00520012 0.00530426 0.00537847 0.00542482 0.00544444 0.0054381 0.0054055 0.00534577 0.00525719 0.00513764 0.00498496 0.00479691 0.00457217 0.00431117 0.00401609 0.00369246 0.0033483 0.00299427 0.00264183 0.00230236 0.00198512 0.00169648 0.00144012 0.00121689 0.00102537 0.000863097 0.000726767
0.000196899 0.000227775 0.000264758 0.000309011 0.000362215 0.000426315 0.000503792 0.000597585 0.000711243 0.00084887 0.00101524 0.0012157 0.00145567 0.00174026 0.00207347 0.00245692 0.0028886 0.00336155 0.00386361 0.00437808 0.00488625 0.00536991 0.00581427 0.00620937 0.00655051 0.00683707 0.00707102 0.00725625 0.00739682 0.00749652 0.00755851 0.00758479 0.00757625 0.00753264 0.00745241 0.00733304 0.00717096 0.00696221 0.00670263 0.00638929 0.0060211 0.00560088 0.0051357 0.0046381 0.00412473 0.00361459 0.00312569 0.00267264 0.00226508 0.0019072 0.00159918 0.00133807 0.00111917 0.000937053
0.000234378 0.000271742 0.000316454 0.000370134 0.000434826 0.000513104 0.000608081 0.000723609 0.000864423 0.00103632 0.00124599 0.00150132 0.00181069 0.00218283 0.00262535 0.00314278 0.00373428 0.00439114 0.0050954 0.00582065 0.00653616 0.0072127 0.00782744 0.00836686 0.00882575 0.00920565 0.0095119 0.00975158 0.00993179 0.0100588 0.0101373 0.0101704 0.0101596 0.0101044 0.0100025 0.00984988 0.00964113 0.0093694 0.00902747 0.00860896 0.00811005 0.00753218 0.00688461 0.00618561 0.00546179 0.00474386 0.00406091 0.00343556 0.00288105 0.00240188 0.00199597 0.00165683 0.00137621 0.00114548
0.000269872 0.000313286 0.000365268 0.00042786 0.000503506 0.000595276 0.000707198 0.000844061 0.00101203 0.00121862 0.00147332 0.00178709 0.00217289 0.00264489 0.00321679 0.00389929 0.00469563 0.00559646 0.00657549 0.00759041 0.00859018 0.00952647 0.0103644 0.011086 0.0116881 0.0121775 0.0125657 0.0128654 0.0130883 0.013244 0.0133398 0.0133801 0.013367 0.0132997 0.013175 0.012987 0.0127274 0.0123854 0.0119486 0.0114045 0.0107434 0.0099628 0.00907278 0.00809979 0.00708641 0.00608383 0.00513998 0.00428975 0.0035506 0.00292505 0.00240527 0.00197886 0.0016314 0.00134937
0.000302771 0.000351757 0.000410533 0.000481407 0.000567262 0.000671741 0.000799655 0.00095688 0.00115122 0.00139239 0.00169263 0.00206749 0.00253596 0.00312013 0.0038441 0.00473005 0.00579154 0.00702253 0.00838647 0.009814 0.0112164 0.0125116 0.0136458 0.0145984 0.0153738 0.0159899 0.0164693 0.0168337 0.0171014 0.0172868 0.0174001 0.0174477 0.0174321 0.0173526 0.0172047 0.01698 0.0166663 0.0162473 0.0157028 0.0150102 0.0141483 0.0131046 0.0118857 0.0105285 0.00910276 0.00769716 0.00639346 0.00524533 0.00427288 0.00347096 0.00282068 0.00229802 0.00187956 0.00154493
0.000332865 0.00038687 0.000451695 0.000529955 0.000625026 0.00074107 0.000883601 0.00105974 0.00127883 0.00155288 0.00189775 0.00233418 0.00288862 0.00359461 0.00449205 0.00562384 0.00702606 0.00870808 0.010624 0.0126577 0.014647 0.0164462 0.017974 0.0192152 0.0201946 0.0209525 0.0215297 0.021961 0.0222739 0.0224886 0.022619 0.0226735 0.0226557 0.0225643 0.0223935 0.0221322 0.0217634 0.0212635 0.0206012 0.0197382 0.0186329 0.0172502 0.0155815 0.013673 0.0116412 0.00964819 0.00783983 0.00629672 0.00503364 0.00402502 0.00322931 0.00260448 0.00211359 0.00172673
0.000359772 0.000418109 0.000488144 0.00057293 0.000675959 0.000802002 0.000957338 0.00115011 0.00139121 0.00169492 0.00208085 0.00257544 0.00321402 0.00404436 0.00512839 0.00654261 0.00836798 0.0106585 0.013376 0.0163244 0.0191876 0.0216947 0.0237327 0.0253186 0.0265253 0.0274321 0.0281075 0.0286036 0.0289591 0.0292009 0.0293469 0.0294077 0.0293878 0.0292857 0.029094 0.0287985 0.0283771 0.0277975 0.0270142 0.0259674 0.0245818 0.0227775 0.0205013 0.0177918 0.0148455 0.0119782 0.00946105 0.00740671 0.00579701 0.00455902 0.00361127 0.00288447 0.00232398 0.00188839
0.000383321 0.000445169 0.000519612 0.00060955 0.000719144 0.000853374 0.00101921 0.00122551 0.00148456 0.001813 0.00223357 0.00277795 0.00349082 0.00443518 0.00569976 0.00740692 0.00971374 0.012779 0.0166372 0.0209738 0.0251339 0.0285966 0.0312478 0.0332078 0.0346419 0.0356892 0.036453 0.0370058 0.0373976 0.0376621 0.037821 0.0378871 0.0378655 0.0377545 0.0375452 0.0372209 0.0367541 0.0361038 0.0352095 0.0339843 0.0323074 0.030023 0.0269729 0.0231232 0.0187886 0.0146243 0.0111513 0.0084826 0.0064973 0.00503008 0.00393925 0.0031211 0.00249971 0.00202294
0.000403072 0.000467763 0.000545488 0.000639568 0.000753989 0.00089425 0.00106764 0.00128383 0.00155588 0.001902 0.00234746 0.0029281 0.00369585 0.00472704 0.00613487 0.00809021 0.0108456 0.0147375 0.020022 0.0262848 0.0321769 0.0367438 0.0400037 0.0422946 0.0439146 0.0450709 0.0459009 0.0464951 0.0469129 0.0471936 0.0473617 0.0474316 0.0474088 0.0472913 0.0470697 0.0467248 0.0462251 0.0455227 0.0445438 0.043177 0.0412534 0.0385214 0.0346456 0.0293699 0.0231094 0.0172129 0.0126348 0.00935642 0.00703944 0.00538491 0.00418305 0.00329602 0.00263088 0.00212422
0.000419044 0.000485777 0.000565754 0.000662429 0.000779942 0.000923962 0.00110185 0.00132362 0.0016028 0.00195822 0.00241643 0.00301514 0.00381004 0.00488394 0.00636356 0.0084476 0.0114521 0.0158587 0.0221882 0.0300457 0.0373073 0.0426175 0.0462327 0.0487002 0.0504143 0.0516241 0.0524863 0.0531005 0.053531 0.0538196 0.0539921 0.0540637 0.0540404 0.0539199 0.0536923 0.0533373 0.0528219 0.0520941 0.0510739 0.0496367 0.0475856 0.0446051 0.0402148 0.0338942 0.0260392 0.0187731 0.0134518 0.00981736 0.00732297 0.00557312 0.00431687 0.00339594 0.0027088 0.00218718
0.000431295 0.000499002 0.000580296 0.000678172 0.000797041 0.000942339 0.00112151 0.00134427 0.00162435 0.00198009 0.00243757 0.00303412 0.00382391 0.00488751 0.00634694 0.008391 0.0113125 0.015537 0.0214746 0.0287098 0.0354447 0.0404838 0.0439763 0.0463861 0.0480713 0.049266 0.0501199 0.0507296 0.0511577 0.0514451 0.051617 0.0516884 0.0516652 0.0515451 0.0513184 0.0509651 0.050453 0.0497313 0.0487221 0.0473058 0.0452951 0.0423982 0.0381903 0.0322619 0.0250296 0.0182901 0.0132396 0.00972743 0.00729024 0.00556882 0.00432726 0.00341378 0.00272935 0.00220963
0.000439692 0.000507723 0.000589093 0.000686893 0.000805284 0.000949571 0.00112676 0.00134638 0.00162112 0.00196845 0.00241249 0.00298729 0.00374136 0.00474486 0.0060996 0.00795298 0.0105097 0.0140102 0.0185781 0.0238379 0.0288392 0.032866 0.0358454 0.0379929 0.0395375 0.0406532 0.0414609 0.0420428 0.0424541 0.0427312 0.0428977 0.0429669 0.0429443 0.0428281 0.042609 0.0422689 0.0417784 0.0410925 0.0401437 0.0388322 0.0370123 0.0344805 0.0309965 0.0264383 0.0211811 0.016175 0.0121367 0.0091381 0.00696278 0.00538151 0.00421887 0.00335155 0.0026958 0.0021929
0.000444386 0.000511997 0.000592509 0.000688973 0.000805208 0.000946232 0.0011187 0.00133114 0.00159534 0.00192668 0.00234635 0.0028836 0.00357839 0.00448594 0.00568144 0.00726273 0.0093448 0.0120242 0.0152857 0.0188775 0.0223474 0.0253197 0.0276723 0.0294612 0.0307986 0.0317915 0.0325246 0.0330604 0.0334429 0.0337026 0.0338593 0.0339246 0.0339033 0.0337937 0.033588 0.0332704 0.0328163 0.0321889 0.0313355 0.0301831 0.0286351 0.0265777 0.023915 0.0206631 0.0170738 0.0135993 0.0106156 0.00824367 0.00642762 0.00505387 0.0040143 0.00322244 0.00261376 0.00214079
0.000445627 0.000512074 0.000590829 0.000684756 0.000797384 0.000933503 0.0010987 0.00130089 0.00155013 0.0018597 0.00224741 0.00273647 0.00335779 0.00415157 0.00516789 0.00646434 0.00809592 0.0100885 0.0123958 0.0148664 0.0172756 0.0194253 0.0212178 0.0226481 0.0237603 0.0246116 0.0252548 0.0257331 0.0260789 0.0263159 0.0264596 0.0265198 0.0265002 0.0263995 0.0262112 0.0259227 0.0255146 0.0249592 0.0242185 0.0232445 0.0219809 0.0203736 0.0183977 0.0160997 0.0136316 0.0112181 0.00905696 0.00724571 0.00578853 0.00464073 0.00374375 0.00304315 0.00249367 0.00206036
0.000443776 0.000508334 0.00058457 0.000675119 0.000783034 0.00091255 0.00106873 0.00125816 0.00148956 0.00177365 0.0021247 0.0025605 0.00310353 0.00378098 0.00462391 0.00566336 0.00692157 0.0083975 0.010049 0.0117861 0.0134893 0.0150494 0.0163995 0.0175194 0.0184212 0.0191318 0.0196815 0.0200978 0.020403 0.0206142 0.0207433 0.0207975 0.0207799 0.0206894 0.0205209 0.0202651 0.0199072 0.019428 0.0188021 0.0180003 0.0169929 0.0157585 0.0142988 0.0126565 0.0109219 0.00921459 0.00764336 0.00627496 0.00512892 0.00419259 0.0034378 0.00283253 0.00234783 0.00195867
0.000438967 0.000501197 0.000574361 0.000660654 0.000762977 0.000884842 0.0010306 0.00120597 0.00141774 0.00167467 0.0019875 0.00236946 0.00283604 0.00340487 0.004094 0.00491871 0.00588578 0.00698637 0.00818858 0.00943783 0.0106667 0.0118119 0.0128295 0.0136991 0.01442 0.0150029 0.0154638 0.0158191 0.0160833 0.0162679 0.0163816 0.0164295 0.016414 0.0163341 0.0161864 0.0159638 0.0156563 0.0152507 0.0147314 0.014082 0.0132883 0.0123441 0.0112595 0.0100663 0.00881943 0.00758662 0.00643065 0.00539549 0.00450077 0.00374664 0.00312122 0.00260724 0.00218668 0.00184292
0.000431658 0.00049114 0.000560736 0.000642277 0.000738322 0.000851828 0.000986497 0.00114689 0.0013385 0.00156801 0.00184346 0.00217421 0.00257052 0.00304349 0.00360284 0.00425546 0.00500141 0.00583086 0.00672121 0.00763844 0.00854229 0.00939463 0.0101664 0.0108411 0.0114135 0.0118867 0.0122681 0.012567 0.0127922 0.012951 0.0130495 0.0130912 0.0130777 0.0130085 0.0128809 0.0126903 0.01243 0.0120915 0.0116659 0.0111445 0.0105215 0.00979783 0.00898354 0.00810205 0.00718721 0.00627952 0.00541702 0.00462845 0.00392977 0.00332567 0.00281197 0.00238025 0.00201985 0.0017199
0.000422193 0.000478698 0.000544305 0.000620771 0.000710175 0.000814979 0.000938331 0.00108367 0.00125543 0.00145865 0.00169892 0.0019829 0.00231718 0.00270834 0.00316147 0.00367883 0.00425817 0.00489088 0.00556112 0.00624706 0.00692363 0.00756682 0.00815727 0.00868237 0.00913625 0.00951821 0.00983128 0.0100801 0.0102697 0.0104049 0.0104891 0.010525 0.0105135 0.0104541 0.0103454 0.0101841 0.00996614 0.0096864 0.00934004 0.00892294 0.00843383 0.00787559 0.00725752 0.00659568 0.00591215 0.00523198 0.00457917 0.00397278 0.00342503 0.00294114 0.00252106 0.00216073 0.0018543 0.00159506
0.000410991 0.000464233 0.000525699 0.000596898 0.000679508 0.000775591 0.000887742 0.00101848 0.00117128 0.00134982 0.00155817 0.00180073 0.00208165 0.00240458 0.00277198 0.00318406 0.00363789 0.00412636 0.00463859 0.00516001 0.00567445 0.00616632 0.00662248 0.00703337 0.0073937 0.00770149 0.00795724 0.00816301 0.00832145 0.00843522 0.0085066 0.00853706 0.00852732 0.00847713 0.00838533 0.00825013 0.00806895 0.00783914 0.00755819 0.00722477 0.00683941 0.00640563 0.00593111 0.00542691 0.00490788 0.0043901 0.00388922 0.00341814 0.00298585 0.00259733 0.00225398 0.00195417 0.00169488 0.00147215
0.000398301 0.000448184 0.000505452 0.000571365 0.00064722 0.000734849 0.000836046 0.000953025 0.00108825 0.00124438 0.00142428 0.00163078 0.00186643 0.00213327 0.00243219 0.00276238 0.00312105 0.00350267 0.00389952 0.0043017 0.00469845 0.00507921 0.00543502 0.0057587 0.00604575 0.00629383 0.00650231 0.00667179 0.00680338 0.00689861 0.00695862 0.00698436 0.00697618 0.00693398 0.00685704 0.00674446 0.00659467 0.00640648 0.00617882 0.00591175 0.00560674 0.00526699 0.00489853 0.00450938 0.00410949 0.00370975 0.00332048 0.00295073 0.00260712 0.0022939 0.00201268 0.00176337 0.00154464 0.00135406
0.00038458 0.000431105 0.000484136 0.000544782 0.000614168 0.000693572 0.000784503 0.000888696 0.00100787 0.00114399 0.00129896 0.00147458 0.00167232 0.00189326 0.00213747 0.00240385 0.00268987 0.0029913 0.00330264 0.00361688 0.00392679 0.00422502 0.00450504 0.00476182 0.00499153 0.00519188 0.00536181 0.0055011 0.00561008 0.00568936 0.00573951 0.00576115 0.00575431 0.00571909 0.00565498 0.00556157 0.00543805 0.00528417 0.00509968 0.00488511 0.0046422 0.00437409 0.00408498 0.003781 0.00346894 0.00315628 0.00285031 0.00255725 0.00228201 0.00202806 0.00179715 0.00158971 0.00140531 0.00124258
0.000370001 0.000413224 0.000462229 0.000517761 0.000580868 0.00065262 0.000734086 0.000826486 0.000931271 0.00104966 0.00118296 0.00133234 0.00149857 0.00168217 0.00188267 0.00209904 0.00232903 0.00256961 0.00281656 0.00306502 0.00330984 0.00354584 0.00376832 0.00397347 0.00415815 0.00432045 0.00445907 0.00457351 0.0046636 0.0047295 0.00477129 0.00478942 0.00478381 0.00475438 0.0047012 0.00462389 0.00452229 0.00439634 0.00424648 0.00407348 0.00387899 0.00366555 0.00343662 0.00319655 0.00295024 0.00270299 0.00245986 0.00222538 0.00200325 0.00179626 0.00160588 0.00143296 0.00127743 0.00113869
0.00035504 0.00039498 0.000439902 0.000490663 0.000547912 0.00061247 0.000685271 0.000767099 0.000859003 0.000961937 0.00107661 0.0012038 0.00134388 0.00149699 0.00166249 0.00183943 0.00202593 0.0022197 0.00241763 0.00261615 0.00281154 0.00300012 0.00317833 0.00334331 0.00349261 0.00362453 0.00373796 0.00383202 0.00390643 0.0039611 0.00399593 0.00401104 0.0040064 0.00398205 0.0039379 0.00387403 0.00379037 0.00368728 0.00356519 0.00342502 0.00326838 0.00309733 0.00291444 0.00272291 0.00252649 0.00232897 0.00213394 0.00194477 0.00176425 0.00159442 0.00143686 0.00129226 0.00116097 0.00104263
0.000339678 0.000376508 0.000417746 0.000463908 0.0005157 0.000573674 0.000638556 0.000710919 0.000791468 0.000880891 0.000979627 0.00108815 0.00120658 0.00133472 0.00147208 0.00161769 0.00177018 0.00192758 0.00208766 0.00224779 0.00240521 0.00255709 0.00270099 0.00283461 0.00295604 0.00306372 0.00315664 0.00323417 0.00329575 0.00334107 0.00337004 0.00338268 0.00337888 0.00335863 0.00332209 0.00326934 0.00320038 0.00311578 0.00301594 0.00290199 0.00277515 0.00263693 0.00248965 0.00233558 0.00217756 0.00201824 0.00186042 0.00170655 0.00155876 0.00141877 0.00128779 0.00116655 0.00105545 0.000954456
