data/model 3/Gz.grd
DSAA
101 101
0 80000
0 80000
-0.0113388 0.0514967
[rows 50 to 74 of 101, columns 0 to 55 of 101]
-0.00199015 -0.00213819 -0.00229979 -0.00247628 -0.00266902 -0.00287945 -0.00310902 -0.00335909 -0.00363086 -0.00392524 -0.0042426 -0.00458253 -0.00494361 -0.00532311 -0.00571688 -0.00611952 -0.00652513 -0.00692837 -0.00732568 -0.00771571 -0.00809843 -0.00847318 -0.00883718 -0.00918534 -0.00951112 -0.00980786 -0.0100697 -0.010292 -0.0104713 -0.0106054 -0.0106928 -0.0107328 -0.0107251 -0.0106697 -0.0105672 -0.0104188 -0.0102264 -0.00999285 -0.00972211 -0.00941957 -0.00909164 -0.0087451 -0.00838602 -0.00801845 -0.00764407 -0.00726307 -0.00687602 -0.00648546 -0.00609609 -0.00571383 -0.00534459 -0.00499336 -0.00466378 -0.00435814 -0.00407756 -0.00382233
-0.00205392 -0.00221068 -0.00238237 -0.0025705 -0.00277673 -0.00300274 -0.00325029 -0.00352103 -0.00381643 -0.00413755 -0.00448472 -0.00485719 -0.0052526 -0.00566645 -0.00609186 -0.00651976 -0.00694017 -0.00734502 -0.0077315 -0.00810378 -0.00847035 -0.00883802 -0.00920714 -0.0095713 -0.00992027 -0.0102433 -0.0105313 -0.0107771 -0.010976 -0.0111249 -0.0112218 -0.0112659 -0.0112568 -0.0111945 -0.0110799 -0.0109144 -0.0107003 -0.0104416 -0.0101443 -0.00981648 -0.00946842 -0.00911098 -0.00875294 -0.00839768 -0.00804135 -0.0076756 -0.00729355 -0.00689462 -0.00648475 -0.00607353 -0.00567086 -0.00528502 -0.00492185 -0.00458496 -0.00427608 -0.00399567
-0.00211851 -0.00228434 -0.00246655 -0.00266692 -0.00288734 -0.00312984 -0.00339648 -0.00368925 -0.00400988 -0.00435955 -0.00473844 -0.00514506 -0.0055754 -0.00602181 -0.00647206 -0.00690923 -0.00731368 -0.00766931 -0.00797361 -0.00824508 -0.00851662 -0.00881569 -0.00914965 -0.00950722 -0.00986863 -0.0102141 -0.0105277 -0.0107981 -0.011018 -0.0111828 -0.0112902 -0.0113388 -0.0113282 -0.0112585 -0.0111306 -0.0109463 -0.0107092 -0.010425 -0.010103 -0.00975683 -0.00940459 -0.00906695 -0.00876077 -0.00848914 -0.0082339 -0.00796232 -0.00764682 -0.0072798 -0.00687204 -0.00644262 -0.00601044 -0.00559033 -0.00519233 -0.00482235 -0.00448328 -0.00417599
-0.00218342 -0.00235861 -0.0025517 -0.00276475 -0.00299996 -0.00325968 -0.00354634 -0.00386226 -0.00420944 -0.00458913 -0.00500114 -0.00544279 -0.00590733 -0.00638171 -0.00684395 -0.00726091 -0.00758965 -0.00778893 -0.00784816 -0.0078208 -0.00781201 -0.00790719 -0.00812462 -0.00843306 -0.00878708 -0.00914693 -0.00948378 -0.00977882 -0.0100206 -0.0102025 -0.010321 -0.0103745 -0.0103622 -0.0102844 -0.0101424 -0.0099385 -0.00967776 -0.00936893 -0.00902686 -0.00867512 -0.00834819 -0.00809006 -0.00794283 -0.00791769 -0.00796157 -0.00796944 -0.00785583 -0.00760213 -0.00723905 -0.00681124 -0.00635749 -0.00590537 -0.00547228 -0.00506799 -0.00469726 -0.00436166
-0.00224815 -0.00243286 -0.00263709 -0.00286314 -0.00311356 -0.00339106 -0.00369843 -0.00403833 -0.00441306 -0.00482382 -0.00526984 -0.00574668 -0.00624353 -0.00673892 -0.00719439 -0.00754602 -0.00769764 -0.00753183 -0.00698096 -0.00617398 -0.00544752 -0.0050551 -0.00500846 -0.00519959 -0.00551689 -0.00587943 -0.00623557 -0.00655447 -0.00681853 -0.00701816 -0.00714841 -0.00720694 -0.00719296 -0.00710676 -0.00694985 -0.00672571 -0.00644135 -0.00610988 -0.00575478 -0.00541626 -0.0051597 -0.00508246 -0.00530288 -0.00588926 -0.00671302 -0.0074377 -0.00780969 -0.00781687 -0.00756668 -0.00716985 -0.00670621 -0.00622598 -0.0057584 -0.00531918 -0.00491576 -0.00455081
-0.00231213 -0.00250644 -0.00272191 -0.00296114 -0.00322702 -0.0035226 -0.00385109 -0.00421553 -0.00461841 -0.00506089 -0.00554136 -0.00605307 -0.00657978 -0.0070884 -0.00751587 -0.00774715 -0.00758058 -0.00669822 -0.00477342 -0.00203234 0.000410772 0.00182406 0.00235907 0.00237341 0.00212707 0.0017748 0.00140385 0.00106225 0.000775847 0.00055812 0.000415807 0.000351998 0.000367746 0.00046268 0.000634838 0.000879517 0.0011871 0.00153877 0.00189914 0.00220328 0.00233447 0.0020898 0.0011503 -0.000811377 -0.00356951 -0.00601 -0.00740087 -0.0078933 -0.00784419 -0.00751259 -0.00705203 -0.0065482 -0.00604727 -0.00557294 -0.00513626 -0.00474132
-0.00237474 -0.00257863 -0.00280531 -0.00305774 -0.0033391 -0.00365286 -0.0040026 -0.00439175 -0.00482302 -0.00529741 -0.00581238 -0.00635847 -0.00691308 -0.00742895 -0.00781198 -0.00787723 -0.00725979 -0.00525689 -0.000818178 0.00592512 0.0117576 0.0148883 0.0161426 0.0164396 0.0162914 0.0159592 0.0155769 0.0152136 0.014905 0.014669 0.0145144 0.0144453 0.0144628 0.0145666 0.0147542 0.0150195 0.0153499 0.0157198 0.0160796 0.016333 0.0162932 0.015594 0.0135315 0.00905459 0.00229399 -0.00353502 -0.0066414 -0.00784997 -0.00807923 -0.00784017 -0.00739262 -0.00686867 -0.00633544 -0.00582615 -0.00535604 -0.00493088
-0.0024354 -0.00264869 -0.00288645 -0.00315188 -0.00344855 -0.0037803 -0.00415112 -0.00456478 -0.00502424 -0.00553034 -0.00607957 -0.00665965 -0.00724143 -0.00776294 -0.00809746 -0.00798545 -0.0068827 -0.00364209 0.00369907 0.0152369 0.0250724 0.0301388 0.0321751 0.032774 0.0327306 0.0324209 0.0320281 0.0316434 0.0313126 0.0310584 0.0308917 0.0308172 0.0308365 0.0309492 0.0311522 0.031438 0.031791 0.0321787 0.0325364 0.0327351 0.0325133 0.0313253 0.0280226 0.020642 0.00908661 -0.000744641 -0.00578485 -0.0077724 -0.00829941 -0.00815957 -0.00772757 -0.00718458 -0.00661956 -0.0060756 -0.00557227 -0.00511707
-0.00249346 -0.00271588 -0.00296439 -0.00324249 -0.00355407 -0.00390337 -0.00429475 -0.00473237 -0.00521942 -0.00575661 -0.00633956 -0.00695342 -0.0075631 -0.00809357 -0.00838986 -0.00813093 -0.0066363 -0.00246607 0.00681105 0.0212522 0.0336033 0.0400462 0.0426957 0.0435437 0.0435871 0.0432938 0.0428885 0.042482 0.0421292 0.041857 0.0416781 0.0415983 0.0416195 0.0417409 0.0419591 0.0422654 0.042641 0.0430475 0.0434068 0.0435613 0.0431879 0.0416046 0.03737 0.0280521 0.0135932 0.00124714 -0.00516766 -0.00776563 -0.0085376 -0.00847935 -0.00805695 -0.00749319 -0.00689623 -0.00631801 -0.00578208 -0.00529745
-0.0025483 -0.00277948 -0.00303828 -0.0033285 -0.0036544 -0.00402052 -0.00443165 -0.00489232 -0.00540591 -0.00597315 -0.00658889 -0.00723632 -0.00787553 -0.00842146 -0.0086987 -0.00834568 -0.00660524 -0.00191048 0.00829725 0.023978 0.0374523 0.0446151 0.0476339 0.048643 0.0487412 0.0484525 0.0480309 0.0476016 0.0472269 0.0469371 0.0467466 0.0466617 0.0466845 0.0468144 0.0470474 0.0473737 0.0477724 0.0481997 0.0485673 0.0486971 0.0482253 0.0463928 0.0416316 0.0313819 0.0156832 0.00221464 -0.00491839 -0.00788281 -0.00881209 -0.0088035 -0.00837937 -0.00779132 -0.00716194 -0.00655014 -0.00598258 -0.00546961
-0.00259935 -0.00283875 -0.00310724 -0.00340892 -0.00374828 -0.00413029 -0.00456006 -0.00504247 -0.00558118 -0.00617695 -0.00682416 -0.00750452 -0.00817481 -0.00874312 -0.0090212 -0.00862492 -0.00676147 -0.00181978 0.0087819 0.0249509 0.0388798 0.0463652 0.0495662 0.0506568 0.0507773 0.0504809 0.0500389 0.0495861 0.0491899 0.0488831 0.0486814 0.0485916 0.0486161 0.0487541 0.0490013 0.0493471 0.0497687 0.0502189 0.0506022 0.0507275 0.0502083 0.0482498 0.0432396 0.0325948 0.0164077 0.00248523 -0.00496878 -0.00811282 -0.00911992 -0.00912892 -0.00869102 -0.00807506 -0.00741306 -0.00676873 -0.00617104 -0.00563119
-0.00264602 -0.00289303 -0.00317049 -0.00348274 -0.00383458 -0.00423127 -0.00467828 -0.00518082 -0.00574283 -0.00636516 -0.00704197 -0.00775401 -0.00845595 -0.00905171 -0.00934582 -0.00894279 -0.00703481 -0.00199668 0.00875523 0.0251056 0.0392055 0.0468168 0.0500893 0.0512069 0.0513255 0.0510117 0.0505463 0.0500699 0.049653 0.0493302 0.0491181 0.0490239 0.0490499 0.0491954 0.0494558 0.0498202 0.0502642 0.0507385 0.0511431 0.0512795 0.0507497 0.0487439 0.0436353 0.0328394 0.0164706 0.0023779 -0.00520053 -0.00841367 -0.00944438 -0.00944701 -0.00898618 -0.00833996 -0.00764588 -0.00697069 -0.00634484 -0.00578
-0.00268778 -0.00294167 -0.00322725 -0.00354908 -0.00391222 -0.00432221 -0.00478484 -0.0053056 -0.00588874 -0.00653523 -0.00723917 -0.00798082 -0.00871359 -0.00933911 -0.00965805 -0.00926962 -0.00735979 -0.00229882 0.00849605 0.0249005 0.039051 0.0466972 0.0499839 0.0510973 0.0511994 0.0508628 0.0503729 0.0498737 0.0494375 0.0491001 0.0488785 0.0487801 0.0488075 0.0489599 0.0492325 0.0496139 0.0500793 0.0505775 0.0510063 0.0511631 0.0506444 0.0486343 0.0435012 0.0326613 0.0162383 0.00209555 -0.00551635 -0.00874147 -0.00976501 -0.00974713 -0.00925839 -0.00858145 -0.0078569 -0.0071532 -0.0065016 -0.00591409
-0.00272416 -0.00298411 -0.00327687 -0.00360714 -0.00398025 -0.00440197 -0.00487836 -0.0054152 -0.00601699 -0.00668487 -0.00741298 -0.00818136 -0.00894277 -0.00959761 -0.00994467 -0.00958061 -0.00768883 -0.00263791 0.00815434 0.0245603 0.0387113 0.0463526 0.049627 0.0507216 0.0508006 0.0504394 0.0499259 0.0494055 0.048952 0.0486015 0.0483715 0.0482695 0.0482981 0.0484565 0.0487399 0.0491367 0.0496214 0.0501422 0.0505954 0.0507764 0.0502791 0.0482848 0.0431602 0.0323222 0.0158976 0.00175486 -0.00585091 -0.00906184 -0.0100638 -0.0100193 -0.00950154 -0.00879538 -0.00804298 -0.00731373 -0.00663929 -0.00603172
-0.0027547 -0.00301985 -0.00331872 -0.00365622 -0.00403784 -0.00446958 -0.00495773 -0.00550829 -0.006126 -0.0068122 -0.00756109 -0.00835265 -0.00913935 -0.00982098 -0.0101954 -0.009858 -0.00799108 -0.00296241 0.00781013 0.0241978 0.0383305 0.0459519 0.0492043 0.0502752 0.05033 0.0499455 0.0494105 0.0488716 0.048403 0.0480413 0.0478041 0.047699 0.0477287 0.0478923 0.048185 0.0485949 0.0490965 0.0496374 0.0501132 0.0503182 0.0498451 0.0478737 0.0427701 0.0319511 0.0155447 0.00142076 -0.00616405 -0.00935132 -0.0103274 -0.0102556 -0.0097106 -0.00897825 -0.0082015 -0.0074502 -0.00675617 -0.00613144
-0.00277907 -0.00304844 -0.00335232 -0.00369573 -0.0040843 -0.00452424 -0.00502199 -0.00558379 -0.00621452 -0.00691571 -0.00768166 -0.00849237 -0.00930018 -0.0100046 -0.010403 -0.0100902 -0.00824787 -0.00324331 0.00750575 0.0238705 0.0379803 0.0455787 0.0488081 0.0498562 0.0498891 0.0494842 0.048931 0.0483767 0.0478957 0.0475248 0.0472817 0.0471741 0.0472046 0.0473725 0.0476727 0.0480935 0.0486092 0.049167 0.0496621 0.0498884 0.0494377 0.0474894 0.0424089 0.0316128 0.0152293 0.00112864 -0.00643234 -0.00959517 -0.0105465 -0.0104503 -0.00988178 -0.00912738 -0.00833042 -0.00756095 -0.00685083 -0.00621204
-0.00279695 -0.00306955 -0.00337724 -0.00372517 -0.00411907 -0.00456528 -0.00507041 -0.00564081 -0.00628153 -0.00699422 -0.00777331 -0.0085988 -0.00942302 -0.0101453 -0.0105629 -0.0102702 -0.00844849 -0.00346484 0.00726331 0.0236072 0.0376964 0.0452745 0.048484 0.0495132 0.0495283 0.0491072 0.0485399 0.0479736 0.0474829 0.0471049 0.0468573 0.0467478 0.046779 0.0469501 0.0472562 0.0476854 0.0482119 0.0487829 0.0492934 0.0495367 0.0491045 0.0471756 0.0421153 0.0313397 0.014977 0.000897276 -0.0066427 -0.00978466 -0.0107155 -0.0105996 -0.0100125 -0.00924083 -0.0084282 -0.0076447 -0.00692221 -0.00627262
-0.00280808 -0.00308289 -0.00339318 -0.00374417 -0.00414173 -0.00459224 -0.0051024 -0.00567872 -0.00632631 -0.00704693 -0.00783508 -0.00867079 -0.00950641 -0.0102412 -0.0106722 -0.0103939 -0.0085871 -0.00361875 0.0070939 0.0234223 0.0374962 0.0450593 0.0482544 0.0492699 0.0492723 0.0488399 0.0482626 0.0476879 0.0471906 0.0468077 0.046557 0.0464462 0.0464779 0.0466512 0.0469614 0.0473964 0.0479305 0.0485107 0.0490318 0.0492873 0.0488683 0.0469536 0.041908 0.0311477 0.0148005 0.000736309 -0.00678819 -0.00991495 -0.0108311 -0.0107012 -0.010101 -0.00931731 -0.00849379 -0.00770058 -0.00696953 -0.00631247
-0.00281234 -0.00308826 -0.00339989 -0.00375249 -0.00415195 -0.00460473 -0.0051176 -0.00569707 -0.00634837 -0.00707328 -0.00786632 -0.00870761 -0.00954945 -0.0102911 -0.0107296 -0.0104592 -0.00866073 -0.00370099 0.0070029 0.0233225 0.0373877 0.0449424 0.0481293 0.0491372 0.0491326 0.0486938 0.048111 0.0475318 0.0470308 0.0466453 0.0463928 0.0462813 0.0463132 0.0464878 0.0468003 0.0472385 0.0477767 0.048362 0.0488891 0.0491513 0.0487398 0.046833 0.0417958 0.0310442 0.0147057 0.000650436 -0.00686531 -0.00998352 -0.0108914 -0.0107538 -0.0101463 -0.00935601 -0.00852651 -0.00772799 -0.00699225 -0.00633113
-0.0028096 -0.00308553 -0.00339723 -0.00374995 -0.00414958 -0.0046026 -0.00511577 -0.00569564 -0.00634742 -0.00707293 -0.00786671 -0.00870886 -0.00955168 -0.0102945 -0.0107342 -0.0104651 -0.00866806 -0.0037098 0.00699257 0.0233106 0.0373743 0.0449275 0.048113 0.0491195 0.0491137 0.0486738 0.0480901 0.04751 0.0470085 0.0466224 0.0463697 0.0462581 0.0462901 0.046465 0.0467778 0.0472166 0.0477556 0.0483418 0.0488701 0.0491335 0.0487233 0.0468179 0.0417823 0.0310322 0.0146954 0.000641651 -0.00687252 -0.0099892 -0.0108957 -0.0107567 -0.0101479 -0.00935649 -0.008526 -0.00772658 -0.00699009 -0.00632832
-0.00279983 -0.00307471 -0.00338519 -0.00373652 -0.00413456 -0.00458576 -0.00509684 -0.00567433 -0.0063234 -0.00704583 -0.00783615 -0.00867442 -0.00951297 -0.0102511 -0.0106858 -0.0104114 -0.0086088 -0.00364481 0.00706337 0.0233873 0.0374567 0.0450154 0.0482063 0.0492178 0.0492166 0.0487808 0.0482007 0.0476237 0.0471245 0.0467403 0.0464887 0.0463775 0.0464094 0.0465835 0.0468949 0.0473318 0.0478681 0.048451 0.0489754 0.0492345 0.0488196 0.0469091 0.0418681 0.0311124 0.0147698 0.000710364 -0.00680949 -0.00993175 -0.0108436 -0.0107097 -0.0101057 -0.00931864 -0.00849212 -0.00769628 -0.00696295 -0.00630396
-0.00278308 -0.00305582 -0.00336382 -0.00371226 -0.00410697 -0.0045543 -0.00506092 -0.00563325 -0.00627641 -0.00699209 -0.00777476 -0.00860447 -0.00943352 -0.0101613 -0.0105848 -0.0102985 -0.00848357 -0.00350688 0.00721417 0.0235509 0.0376331 0.0452042 0.048407 0.0494297 0.0494389 0.0490124 0.0484404 0.0478702 0.0473764 0.0469962 0.0467472 0.0466371 0.0466687 0.046841 0.0471492 0.0475813 0.0481116 0.0486872 0.0492029 0.0494522 0.0490265 0.0471045 0.0420514 0.0312832 0.0149279 0.000855609 -0.00667698 -0.00981171 -0.0107356 -0.0106131 -0.0100198 -0.00924264 -0.00842504 -0.00763719 -0.00691096 -0.00625818
-0.00275946 -0.00302898 -0.00333324 -0.00367735 -0.00406701 -0.00450846 -0.00500825 -0.00557271 -0.00620677 -0.00691207 -0.00768297 -0.00849948 -0.00931391 -0.0100257 -0.0104321 -0.0101279 -0.0082943 -0.00329863 0.00744154 0.0237974 0.0378983 0.045488 0.0487086 0.0497483 0.0497732 0.049361 0.0488015 0.0482418 0.0477565 0.0473825 0.0471375 0.0470292 0.0470602 0.0472297 0.0475329 0.0479577 0.0484786 0.0490427 0.0495451 0.0497794 0.0493373 0.047398 0.0423267 0.0315399 0.0151657 0.00107437 -0.00647721 -0.00963069 -0.0105728 -0.0104678 -0.00989099 -0.00912897 -0.00832519 -0.00754972 -0.00683443 -0.00619124
-0.00272915 -0.00299442 -0.00329374 -0.00363206 -0.00401498 -0.0044486 -0.00493927 -0.00549316 -0.00611504 -0.0068064 -0.00756148 -0.00836029 -0.00915519 -0.00984585 -0.0102298 -0.00990227 -0.00804506 -0.00302574 0.00773784 0.0241168 0.0382407 0.0458531 0.0490961 0.0501576 0.050203 0.0498097 0.0492668 0.0487212 0.0482472 0.0478816 0.047642 0.047536 0.0475663 0.047732 0.0480283 0.0484434 0.0489516 0.0495003 0.049985 0.0501996 0.0497364 0.047775 0.0426812 0.0318717 0.0154745 0.00136002 -0.00621503 -0.0093921 -0.0103577 -0.0102755 -0.00972037 -0.00897861 -0.00819334 -0.0074345 -0.00673394 -0.00610366
-0.00269239 -0.00295242 -0.00324562 -0.0035768 -0.00395138 -0.00437525 -0.00485458 -0.0053953 -0.00600201 -0.00667599 -0.00741139 -0.00818823 -0.0089591 -0.00962406 -0.00998137 -0.00962699 -0.00774366 -0.00269952 0.00808751 0.024489 0.0386355 0.0462709 0.0495379 0.0506236 0.050693 0.0503222 0.0497997 0.0492716 0.0488117 0.0484565 0.0482236 0.0481205 0.0481499 0.0483109 0.0485987 0.0490015 0.0494939 0.0500238 0.050487 0.0506783 0.050191 0.0482054 0.0430882 0.032256 0.0158365 0.00169918 -0.00589986 -0.00910236 -0.0100944 -0.0100389 -0.00950999 -0.00879304 -0.00803068 -0.00729253 -0.00661035 -0.00599618
