data/model 3/Gz.grd
DSAA
101 101
0 80000
0 80000
-0.0113388 0.0514967
[rows 25 to 49 of 101, columns 0 to 55 of 101]
-0.00101879 -0.00108247 -0.00115235 -0.00122932 -0.00131442 -0.00140887 -0.00151412 -0.00163182 -0.00176396 -0.00191277 -0.00208078 -0.00227069 -0.00248522 -0.00272665 -0.00299601 -0.0032913 -0.0036044 -0.00391504 -0.00417964 -0.00431036 -0.0041364 -0.00333399 -0.00130995 0.00292892 0.0105841 0.0215399 0.0325313 0.0402915 0.044698 0.0469372 0.0479705 0.0483275 0.0482088 0.0475493 0.0459968 0.0428144 0.0368491 0.0272604 0.0157312 0.00621282 0.000384153 -0.00260583 -0.00393206 -0.00437657 -0.00438033 -0.00417932 -0.0038965 -0.00359425 -0.00330273 -0.00303528 -0.00279654 -0.00258691 -0.00240478 -0.00224779 -0.00211346 -0.00199946
-0.00104321 -0.00110821 -0.00117947 -0.00125785 -0.00134438 -0.00144029 -0.00154699 -0.00166615 -0.00179972 -0.00194991 -0.00211922 -0.00231034 -0.00252595 -0.00276831 -0.00303842 -0.0033343 -0.00364794 -0.00395927 -0.00422514 -0.00435848 -0.00418982 -0.00339724 -0.00138979 0.00282388 0.0104453 0.0213618 0.0323139 0.0400402 0.0444215 0.0466442 0.0476681 0.0480215 0.047904 0.0472507 0.0457108 0.0425491 0.0366135 0.0270619 0.0155727 0.0060913 0.000292185 -0.00267715 -0.00399053 -0.00442785 -0.00442794 -0.00422519 -0.00394158 -0.00363887 -0.00334691 -0.00307891 -0.00283946 -0.00262896 -0.00244582 -0.00228773 -0.00215221 -0.00203697
-0.00106768 -0.00113393 -0.00120644 -0.00128605 -0.00137381 -0.00147089 -0.00157869 -0.00169883 -0.00183322 -0.00198403 -0.00215367 -0.00234478 -0.00255995 -0.00280141 -0.0030701 -0.00336419 -0.0036759 -0.00398588 -0.00425232 -0.00439075 -0.004236 -0.00347276 -0.00151853 0.00261036 0.0101141 0.0208906 0.0317024 0.0393099 0.0436048 0.0457726 0.0467666 0.0471086 0.0469947 0.0463614 0.0448629 0.041771 0.0359386 0.0265187 0.0151726 0.00582212 0.000124686 -0.00277646 -0.00404975 -0.0044665 -0.00445784 -0.00425278 -0.0039699 -0.00366905 -0.00337912 -0.00311285 -0.00287469 -0.00266497 -0.00248218 -0.00232405 -0.0021882 -0.00207238
-0.00109232 -0.00115974 -0.00123339 -0.00131413 -0.00140292 -0.00150093 -0.00160949 -0.0017302 -0.00186487 -0.00201557 -0.00218466 -0.00237464 -0.00258799 -0.00282686 -0.00309218 -0.00338226 -0.00368983 -0.00399675 -0.0042637 -0.004411 -0.00428203 -0.00357563 -0.00172961 0.00221715 0.00945459 0.0199044 0.0303887 0.0377279 0.0418377 0.0438943 0.0448302 0.0451504 0.0450435 0.0444485 0.043032 0.0400859 0.0344805 0.0253641 0.0143537 0.00530532 -0.000167636 -0.00292621 -0.00411993 -0.00449761 -0.00447312 -0.00426424 -0.00398315 -0.00368621 -0.00340055 -0.00313811 -0.00290305 -0.00269564 -0.00251443 -0.00235727 -0.00222186 -0.00210609
-0.00111725 -0.0011858 -0.00126053 -0.00134228 -0.00143196 -0.0015307 -0.00163977 -0.00176068 -0.00189517 -0.00204519 -0.00221295 -0.00240081 -0.00261114 -0.00284595 -0.00310618 -0.00339032 -0.00369188 -0.00399445 -0.00426249 -0.00442375 -0.00433593 -0.00372369 -0.00206766 0.00153481 0.0082285 0.017975 0.027755 0.0345476 0.038309 0.0401714 0.0410117 0.0412973 0.0412015 0.0406683 0.0393906 0.0367082 0.0315481 0.0230703 0.0127877 0.00437603 -0.000655307 -0.0031545 -0.00421277 -0.00452705 -0.00447745 -0.00426241 -0.00398369 -0.00369232 -0.00341286 -0.00315609 -0.00292572 -0.00272195 -0.0025434 -0.00238804 -0.00225375 -0.00213853
-0.00114262 -0.00121228 -0.00128806 -0.00137074 -0.00146123 -0.00156057 -0.00166996 -0.00179081 -0.00192474 -0.00207359 -0.00223942 -0.00242439 -0.00263072 -0.00286027 -0.00311397 -0.00339062 -0.00368465 -0.00398191 -0.00425177 -0.00443226 -0.00440179 -0.00392583 -0.00256193 0.000464127 0.00615268 0.0144994 0.0228783 0.0286623 0.0318421 0.0334074 0.0341099 0.0343473 0.0342668 0.0338209 0.0327486 0.0304866 0.0261078 0.018862 0.0100437 0.00286157 -0.00139288 -0.00347708 -0.00433385 -0.0045583 -0.00447402 -0.00425031 -0.00397426 -0.00368981 -0.00341814 -0.00316852 -0.00294414 -0.0027451 -0.00257009 -0.00241723 -0.00228458 -0.0021703
-0.00116858 -0.00123937 -0.00131621 -0.00139983 -0.00149108 -0.00159094 -0.00170053 -0.00182115 -0.00195431 -0.00210167 -0.00226513 -0.00244665 -0.00264826 -0.00287165 -0.00311776 -0.00338572 -0.00367099 -0.00396204 -0.00423399 -0.00443715 -0.00447563 -0.00416852 -0.0031839 -0.000960137 0.00319885 0.00925407 0.0153401 0.0195905 0.0219622 0.0231423 0.0236741 0.0238533 0.0237912 0.0234519 0.0226391 0.0209395 0.017695 0.0124041 0.00600992 0.00077986 -0.00234531 -0.00387334 -0.00447515 -0.00459011 -0.0044646 -0.00423072 -0.00395784 -0.00368142 -0.00341875 -0.00317744 -0.00296003 -0.00276651 -0.00259565 -0.00244577 -0.00231513 -0.00220207
-0.00119533 -0.00126731 -0.00134525 -0.00142985 -0.00152189 -0.00162228 -0.00173205 -0.0018524 -0.00198468 -0.00213041 -0.00229125 -0.00246901 -0.00266547 -0.00288217 -0.00312001 -0.00337844 -0.00365401 -0.00393782 -0.00421098 -0.00443651 -0.00454541 -0.00441357 -0.00382832 -0.00246495 1.50207e-05 0.00350503 0.00702433 0.00959126 0.011096 0.0118701 0.012224 0.0123429 0.0122999 0.0120712 0.0115303 0.0104282 0.00841416 0.00529355 0.00162134 -0.00144147 -0.00334187 -0.00427928 -0.00461461 -0.00461676 -0.00444962 -0.00420626 -0.00393751 -0.00367011 -0.00341735 -0.00318508 -0.00297525 -0.00278772 -0.00262138 -0.00247475 -0.00234629 -0.00223456
-0.00122304 -0.00129629 -0.00137544 -0.00146112 -0.00155406 -0.00165506 -0.00176511 -0.00188526 -0.00201671 -0.00216082 -0.00231907 -0.002493 -0.0026842 -0.00289402 -0.0031233 -0.00337177 -0.00363696 -0.0039124 -0.00418463 -0.00442809 -0.00459742 -0.00461658 -0.00436823 -0.00370038 -0.00249791 -0.000860859 0.000803842 0.00208861 0.00289094 0.00332061 0.00351923 0.00358479 0.00355877 0.00342738 0.00312083 0.00251534 0.00146907 -4.80707e-05 -0.00176986 -0.0032324 -0.00417095 -0.00461931 -0.00472685 -0.00463162 -0.00442946 -0.00417965 -0.00391658 -0.00365907 -0.00341673 -0.00319386 -0.00299183 -0.00281042 -0.00264867 -0.00250531 -0.00237902 -0.00226858
-0.00125192 -0.00132658 -0.00140708 -0.00149399 -0.00158799 -0.00168981 -0.00180034 -0.00192046 -0.00205131 -0.00219402 -0.00234988 -0.00252021 -0.00270636 -0.00290948 -0.00313033 -0.00336884 -0.00362331 -0.00388929 -0.00415768 -0.00441191 -0.00462426 -0.00475201 -0.00473677 -0.00451578 -0.00405842 -0.00342185 -0.00275928 -0.00222437 -0.00187615 -0.0016878 -0.00160384 -0.00157884 -0.00159193 -0.00165016 -0.00178757 -0.00205769 -0.00250839 -0.00313009 -0.00381081 -0.00438116 -0.00473026 -0.00485124 -0.00479734 -0.00463188 -0.00440585 -0.00415418 -0.00389858 -0.00365159 -0.00341981 -0.00320626 -0.00301186 -0.00283637 -0.00267897 -0.00253866 -0.00241432 -0.00230494
-0.00128215 -0.00135842 -0.00144047 -0.00152885 -0.00162415 -0.00172706 -0.00183834 -0.00195881 -0.00208941 -0.00223113 -0.00238504 -0.00255227 -0.0027339 -0.00293089 -0.00314387 -0.00337286 -0.00361674 -0.00387251 -0.00413424 -0.0043916 -0.00462839 -0.00482163 -0.00494329 -0.00496779 -0.00488708 -0.00472641 -0.00454131 -0.00438772 -0.00429222 -0.00424947 -0.00423881 -0.00424058 -0.00424509 -0.00425566 -0.00428771 -0.00436304 -0.00449707 -0.00468064 -0.00487029 -0.00500569 -0.00504417 -0.00497854 -0.00482793 -0.00462065 -0.00438277 -0.00413396 -0.0038874 -0.00365113 -0.00342958 -0.0032248 -0.00303746 -0.00286733 -0.0027138 -0.00257605 -0.00245321 -0.0023445
-0.00131394 -0.00139204 -0.00147589 -0.00156603 -0.00166297 -0.00176734 -0.0018798 -0.00200107 -0.00213195 -0.00227328 -0.00242593 -0.0025908 -0.00276876 -0.00296055 -0.00316664 -0.00338707 -0.00362101 -0.00386647 -0.00411956 -0.0043739 -0.00462002 -0.00484544 -0.00503616 -0.00518045 -0.00527459 -0.00532721 -0.00535689 -0.00538255 -0.00541378 -0.00544879 -0.00547921 -0.00549641 -0.00549595 -0.00547938 -0.00545368 -0.00542808 -0.00540854 -0.0053915 -0.00536192 -0.00529965 -0.00519029 -0.0050317 -0.00483242 -0.004606 -0.00436608 -0.00412378 -0.0038871 -0.00366117 -0.003449 -0.00325203 -0.00307077 -0.00290512 -0.00275463 -0.00261872 -0.00249675 -0.00238814
-0.00134748 -0.00142768 -0.00151366 -0.00160589 -0.00170488 -0.00181116 -0.00192534 -0.00204803 -0.00217988 -0.0023216 -0.00247388 -0.00263743 -0.00281286 -0.00300073 -0.00320134 -0.0034146 -0.00363991 -0.00387576 -0.00411954 -0.00436709 -0.00461263 -0.00484889 -0.00506803 -0.00526338 -0.00543148 -0.00557346 -0.00569383 -0.00579738 -0.00588596 -0.00595757 -0.00600791 -0.00603271 -0.00602979 -0.00599996 -0.00594664 -0.00587445 -0.00578689 -0.00568412 -0.00556259 -0.00541725 -0.00524502 -0.00504716 -0.00482905 -0.00459829 -0.00436265 -0.00412882 -0.00390185 -0.00368519 -0.00348099 -0.0032904 -0.00311389 -0.00295148 -0.00280294 -0.00266791 -0.00254596 -0.00243669
-0.00138294 -0.00146555 -0.00155402 -0.00164878 -0.00175031 -0.00185907 -0.00197561 -0.00210044 -0.00223413 -0.00237722 -0.00253023 -0.00269371 -0.00286808 -0.00305365 -0.00325053 -0.00345855 -0.00367708 -0.0039049 -0.00414003 -0.00437953 -0.00461948 -0.00485514 -0.00508137 -0.00529341 -0.00548767 -0.00566218 -0.0058162 -0.00594917 -0.00605977 -0.00614555 -0.00620356 -0.00623128 -0.00622745 -0.00619253 -0.00612854 -0.00603839 -0.00592492 -0.00579008 -0.00563478 -0.00545956 -0.00526575 -0.00505617 -0.00483517 -0.00460789 -0.00437939 -0.00415414 -0.00393566 -0.00372651 -0.00352838 -0.00334231 -0.00316883 -0.00300813 -0.00286019 -0.00272483 -0.00260186 -0.00249103
-0.0014205 -0.00150589 -0.00159725 -0.00169504 -0.00179965 -0.00191155 -0.0020312 -0.00215906 -0.00229557 -0.00244117 -0.00259626 -0.0027612 -0.0029362 -0.00312141 -0.00331673 -0.00352183 -0.00373601 -0.00395813 -0.00418648 -0.00441872 -0.00465186 -0.00488234 -0.00510625 -0.00531968 -0.00551907 -0.00570136 -0.00586397 -0.00600453 -0.00612056 -0.0062095 -0.00626896 -0.00629713 -0.00629318 -0.00625743 -0.00619126 -0.00609688 -0.00597685 -0.00583376 -0.00567005 -0.00548822 -0.00529111 -0.0050821 -0.00486503 -0.00464392 -0.00442263 -0.00420453 -0.00399238 -0.00378832 -0.00359386 -0.00341006 -0.00323756 -0.00307674 -0.00292777 -0.00279067 -0.00266544 -0.00255196
-0.00146029 -0.00154885 -0.00164359 -0.00174494 -0.00185328 -0.00196907 -0.00209269 -0.00222456 -0.00236505 -0.00251451 -0.00267321 -0.00284133 -0.00301897 -0.00320605 -0.0034023 -0.00360721 -0.00381996 -0.00403935 -0.00426377 -0.0044911 -0.00471878 -0.00494382 -0.00516287 -0.0053725 -0.0055693 -0.00574998 -0.00591149 -0.00605096 -0.00616568 -0.0062532 -0.00631148 -0.00633907 -0.00633534 -0.00630053 -0.00623574 -0.00614278 -0.00602397 -0.00588195 -0.00571956 -0.00553981 -0.00534593 -0.00514131 -0.0049295 -0.00471396 -0.00449794 -0.00428434 -0.00407558 -0.00387362 -0.00368 -0.00349583 -0.00332195 -0.00315889 -0.00300702 -0.00286656 -0.00273761 -0.00262026
-0.00150245 -0.00159463 -0.00169326 -0.00179876 -0.00191156 -0.00203203 -0.0021606 -0.00229761 -0.0024434 -0.0025982 -0.00276222 -0.00293552 -0.00311803 -0.0033095 -0.0035095 -0.00371733 -0.003932 -0.00415219 -0.00437624 -0.00460209 -0.00482733 -0.00504918 -0.00526464 -0.00547051 -0.00566357 -0.00584065 -0.00599869 -0.00613485 -0.00624653 -0.0063315 -0.00638797 -0.00641475 -0.00641131 -0.00637786 -0.0063153 -0.0062252 -0.00610961 -0.00597101 -0.00581218 -0.00563614 -0.00544604 -0.00524516 -0.0050368 -0.00482414 -0.00461013 -0.0043975 -0.00418855 -0.00398526 -0.00378923 -0.00360175 -0.0034238 -0.00325612 -0.00309924 -0.00295355 -0.00281928 -0.00269663
-0.00154707 -0.00164333 -0.00174641 -0.00185674 -0.00197475 -0.00210084 -0.00223541 -0.0023788 -0.00253132 -0.00269315 -0.00286442 -0.00304509 -0.00323496 -0.00343364 -0.00364051 -0.00385469 -0.004075 -0.00429995 -0.00452778 -0.00475631 -0.00498315 -0.00520558 -0.00542071 -0.00562552 -0.00581692 -0.00599193 -0.00614762 -0.00628136 -0.00639074 -0.00647377 -0.00652887 -0.00655503 -0.00655182 -0.00651939 -0.00645855 -0.00637061 -0.00625744 -0.00612127 -0.00596469 -0.00579056 -0.00560186 -0.00540173 -0.00519329 -0.00497956 -0.00476345 -0.00454761 -0.00433441 -0.00412592 -0.00392389 -0.00372981 -0.00354482 -0.00336987 -0.00320564 -0.00305266 -0.00291128 -0.00278177
-0.0015942 -0.00169505 -0.00180318 -0.00191904 -0.0020431 -0.00217579 -0.00231753 -0.00246866 -0.00262948 -0.00280018 -0.00298082 -0.00317126 -0.00337124 -0.0035802 -0.00379737 -0.00402166 -0.00425169 -0.00448577 -0.00472191 -0.00495781 -0.00519094 -0.00541854 -0.00563771 -0.00584547 -0.00603887 -0.00621498 -0.00637111 -0.00650476 -0.00661375 -0.00669628 -0.00675098 -0.00677694 -0.00677381 -0.00674172 -0.00668136 -0.00659391 -0.00648103 -0.00634473 -0.00618742 -0.00601178 -0.00582065 -0.00561705 -0.00540402 -0.00518458 -0.00496165 -0.00473798 -0.00451605 -0.00429814 -0.0040862 -0.00388191 -0.00368664 -0.0035015 -0.00332734 -0.00316479 -0.00301433 -0.00287626
-0.00164386 -0.00174984 -0.00186363 -0.00198579 -0.00211678 -0.00225713 -0.00240727 -0.00256761 -0.00273846 -0.00292 -0.0031123 -0.00331516 -0.00352823 -0.00375081 -0.00398199 -0.00422044 -0.00446457 -0.00471243 -0.00496177 -0.00521008 -0.00545461 -0.00569245 -0.0059206 -0.00613602 -0.00633576 -0.00651697 -0.00667702 -0.00681359 -0.00692463 -0.00700851 -0.00706399 -0.00709029 -0.00708705 -0.00705444 -0.00699305 -0.00690394 -0.00678859 -0.00664892 -0.00648713 -0.00630579 -0.00610768 -0.00589578 -0.00567314 -0.00544289 -0.00520806 -0.00497156 -0.00473614 -0.00450427 -0.0042782 -0.00405981 -0.00385073 -0.00365224 -0.00346533 -0.00329076 -0.00312906 -0.00298058
-0.00169604 -0.00180767 -0.00192781 -0.00205702 -0.00219589 -0.002345 -0.00250487 -0.00267598 -0.00285868 -0.00305321 -0.00325963 -0.00347774 -0.00370708 -0.00394689 -0.00419601 -0.00445293 -0.00471575 -0.00498228 -0.00524991 -0.00551586 -0.0057771 -0.00603049 -0.00627282 -0.0065009 -0.00671167 -0.00690227 -0.0070701 -0.00721286 -0.00732863 -0.00741586 -0.00747342 -0.00750059 -0.00749708 -0.007463 -0.00739892 -0.0073058 -0.00718504 -0.00703839 -0.00686805 -0.00667649 -0.00646655 -0.00624123 -0.00600373 -0.00575733 -0.00550531 -0.00525082 -0.0049969 -0.00474635 -0.00450166 -0.00426506 -0.00403839 -0.00382314 -0.00362048 -0.00343123 -0.003256 -0.00309512
-0.00175065 -0.0018685 -0.00199563 -0.00213271 -0.00228042 -0.00243945 -0.00261043 -0.00279394 -0.00299043 -0.00320021 -0.00342337 -0.00365971 -0.00390873 -0.0041695 -0.00444068 -0.00472048 -0.0050067 -0.00529675 -0.00558772 -0.00587647 -0.00615964 -0.00643381 -0.00669549 -0.00694127 -0.00716787 -0.00737229 -0.00755181 -0.00770414 -0.00782737 -0.00792 -0.00798096 -0.00800959 -0.00800559 -0.00796911 -0.00790065 -0.00780111 -0.00767184 -0.00751458 -0.00733148 -0.00712511 -0.00689839 -0.00665453 -0.00639695 -0.00612918 -0.00585476 -0.00557719 -0.0052998 -0.00502575 -0.0047579 -0.0044988 -0.0042506 -0.00401504 -0.00379342 -0.0035867 -0.00339549 -0.00322011
-0.00180757 -0.00193219 -0.00206699 -0.00221274 -0.00237028 -0.00254041 -0.00272392 -0.00292152 -0.0031338 -0.00336118 -0.0036038 -0.0038615 -0.00413367 -0.00441922 -0.00471657 -0.00502353 -0.00533753 -0.00565555 -0.00597431 -0.00629034 -0.00660001 -0.00689963 -0.0071854 -0.0074536 -0.00770061 -0.00792314 -0.00811826 -0.00828353 -0.00841695 -0.00851703 -0.00858273 -0.00861337 -0.00860872 -0.00856886 -0.00849432 -0.00838597 -0.00824515 -0.00807361 -0.00787365 -0.00764799 -0.00739983 -0.00713268 -0.00685029 -0.00655652 -0.00625518 -0.00595005 -0.00564476 -0.00534279 -0.00504743 -0.00476163 -0.00448793 -0.00422838 -0.0039845 -0.00375738 -0.00354766 -0.00335561
-0.00186664 -0.00199856 -0.00214168 -0.00229692 -0.00246525 -0.00264767 -0.00284513 -0.00305854 -0.00328865 -0.00353601 -0.00380088 -0.00408306 -0.00438183 -0.00469586 -0.0050231 -0.00536091 -0.00570606 -0.0060551 -0.00640437 -0.00675029 -0.00708919 -0.00741729 -0.00773061 -0.00802503 -0.00829645 -0.00854104 -0.00875544 -0.00893686 -0.00908316 -0.00919271 -0.00926442 -0.00929765 -0.00929214 -0.009248 -0.00916571 -0.00904619 -0.00889084 -0.00870155 -0.00848088 -0.00823195 -0.00795841 -0.00766432 -0.00735388 -0.00703125 -0.00670037 -0.00636502 -0.00602894 -0.00569583 -0.00536941 -0.00505318 -0.00475024 -0.00446312 -0.0041937 -0.00394322 -0.00371239 -0.00350146
-0.0019276 -0.00206735 -0.00221941 -0.0023849 -0.00256498 -0.00276086 -0.0029737 -0.00320462 -0.00345458 -0.00372431 -0.00401414 -0.00432382 -0.00465241 -0.00499807 -0.00535806 -0.0057288 -0.00610615 -0.00648594 -0.00686442 -0.00723833 -0.0076048 -0.00796066 -0.00830208 -0.0086245 -0.00892299 -0.00919279 -0.00942969 -0.00963027 -0.00979196 -0.00991289 -0.00999188 -0.0100282 -0.0100217 -0.00997233 -0.00988071 -0.0097478 -0.00957514 -0.00936498 -0.00912036 -0.00884516 -0.00854395 -0.00822174 -0.00788336 -0.00753312 -0.00717456 -0.00681071 -0.00644467 -0.00608003 -0.00572096 -0.00537177 -0.00503653 -0.00471861 -0.00442048 -0.00414378 -0.00388929 -0.00365727
