data/model 3/Gz.grd
DSAA
101 101
0 80000
0 80000
-0.0113388 0.0514967
[rows 0 to 24 of 101, columns 0 to 55 of 101]
-0.000436653 -0.000453933 -0.000472085 -0.000491152 -0.000511179 -0.000532185 -0.000554204 -0.000577263 -0.000601378 -0.000626554 -0.000652787 -0.000680041 -0.000708297 -0.000737462 -0.000767474 -0.000798182 -0.000829452 -0.000861106 -0.000892922 -0.000924627 -0.000955951 -0.00098657 -0.00101614 -0.00104429 -0.00107067 -0.00109489 -0.00111659 -0.00113547 -0.00115121 -0.00116357 -0.00117237 -0.0011775 -0.0011789 -0.00117661 -0.00117073 -0.00116142 -0.00114894 -0.00113357 -0.00111565 -0.00109556 -0.00107367 -0.0010504 -0.00102615 -0.00100129 -0.000976208 -0.000951246 -0.000926727 -0.00090294 -0.000880135 -0.000858564 -0.000838423 -0.000819912 -0.000803196 -0.000788457 -0.000775838 -0.000765506
-0.000454573 -0.000473149 -0.000492714 -0.00051332 -0.000535018 -0.000557857 -0.00058188 -0.000607119 -0.000633606 -0.000661364 -0.000690391 -0.000720679 -0.000752189 -0.000784858 -0.000818598 -0.000853284 -0.000888741 -0.000924779 -0.00096114 -0.000997516 -0.00103358 -0.00106895 -0.00110321 -0.00113592 -0.00116662 -0.00119486 -0.00122019 -0.0012422 -0.00126054 -0.00127487 -0.00128497 -0.00129071 -0.00129199 -0.00128889 -0.0012815 -0.00127005 -0.00125484 -0.00123623 -0.00121465 -0.00119053 -0.00116436 -0.00113665 -0.00110786 -0.00107848 -0.00104891 -0.00101959 -0.000990879 -0.000963095 -0.000936559 -0.000911495 -0.000888148 -0.000866714 -0.00084737 -0.000830288 -0.00081564 -0.000803577
-0.000473193 -0.000493139 -0.00051422 -0.000536478 -0.000559987 -0.000584813 -0.000611013 -0.000638641 -0.000667737 -0.000698344 -0.000730484 -0.000764158 -0.000799328 -0.000835957 -0.000873952 -0.000913183 -0.000953459 -0.000994559 -0.00103621 -0.00107806 -0.0011197 -0.00116069 -0.00120052 -0.00123865 -0.00127453 -0.0013076 -0.00133729 -0.00136309 -0.00138456 -0.00140126 -0.00141294 -0.00141939 -0.00142054 -0.00141641 -0.00140718 -0.00139312 -0.00137459 -0.00135205 -0.00132601 -0.00129704 -0.00126575 -0.0012327 -0.00119851 -0.00116372 -0.00112887 -0.0010944 -0.00106078 -0.00102836 -0.000997466 -0.000968374 -0.000941329 -0.000916541 -0.000894189 -0.000874438 -0.000857451 -0.000843397
-0.00049249 -0.00051391 -0.000536594 -0.00056063 -0.000586093 -0.000613069 -0.000641643 -0.000671871 -0.000703833 -0.000737594 -0.000773178 -0.000810624 -0.00084991 -0.000891011 -0.000933837 -0.000978246 -0.00102408 -0.00107106 -0.00111887 -0.00116711 -0.00121533 -0.00126295 -0.00130941 -0.00135402 -0.0013961 -0.00143497 -0.00146991 -0.00150029 -0.00152552 -0.00154511 -0.00155868 -0.00156598 -0.00156693 -0.00156156 -0.00155008 -0.00153283 -0.00151025 -0.00148294 -0.00145152 -0.0014167 -0.00137922 -0.0013398 -0.00129915 -0.00125796 -0.00121684 -0.00117635 -0.00113697 -0.00109914 -0.0010632 -0.00102946 -0.00099817 -0.000969542 -0.000943743 -0.000920951 -0.000901322 -0.000884992
-0.000512475 -0.000535449 -0.000559852 -0.000585781 -0.000613345 -0.000642638 -0.000673768 -0.000706833 -0.000741936 -0.000779163 -0.000818572 -0.000860222 -0.00090412 -0.000950256 -0.00099857 -0.00104892 -0.00110112 -0.00115488 -0.00120986 -0.00126559 -0.00132153 -0.00137701 -0.00143132 -0.00148366 -0.00153317 -0.00157898 -0.00162024 -0.00165613 -0.00168592 -0.00170898 -0.00172484 -0.00173318 -0.00173387 -0.00172698 -0.00171274 -0.0016916 -0.00166411 -0.00163101 -0.00159309 -0.00155123 -0.00150633 -0.00145928 -0.00141096 -0.00136219 -0.00131367 -0.00126609 -0.00122 -0.00117588 -0.0011341 -0.00109503 -0.00105887 -0.00102586 -0.000996162 -0.00096992 -0.000947275 -0.000928369
-0.000533125 -0.000557744 -0.000583969 -0.000611921 -0.000641726 -0.000673511 -0.000707406 -0.000743557 -0.000782081 -0.000823109 -0.000866739 -0.000913056 -0.000962109 -0.00101393 -0.00106844 -0.00112554 -0.00118504 -0.00124666 -0.00130996 -0.00137443 -0.00143943 -0.00150418 -0.0015678 -0.00162931 -0.00168767 -0.0017418 -0.00179064 -0.00183315 -0.00186843 -0.00189567 -0.00191428 -0.00192385 -0.00192422 -0.00191546 -0.00189788 -0.00187203 -0.00183861 -0.00179853 -0.00175279 -0.00170248 -0.00164872 -0.00159258 -0.00153515 -0.0014774 -0.0014202 -0.00136431 -0.0013104 -0.001259 -0.00121053 -0.0011653 -0.00112361 -0.00108562 -0.0010515 -0.00102137 -0.000995332 -0.000973517
-0.000554427 -0.000580785 -0.000608933 -0.000639034 -0.000671223 -0.000705672 -0.000742555 -0.000782038 -0.000824282 -0.000869463 -0.00091773 -0.000969217 -0.00102401 -0.00108218 -0.0011437 -0.00120849 -0.00127635 -0.00134697 -0.0014199 -0.00149454 -0.00157013 -0.00164575 -0.00172034 -0.00179269 -0.00186155 -0.00192555 -0.0019834 -0.00203381 -0.00207563 -0.00210787 -0.00212976 -0.0021408 -0.00214076 -0.00212976 -0.00210816 -0.00207665 -0.00203613 -0.00198771 -0.00193265 -0.00187229 -0.00180799 -0.00174111 -0.00167292 -0.00160462 -0.00153724 -0.00147169 -0.00140871 -0.0013489 -0.00129272 -0.00124051 -0.00119252 -0.00114891 -0.00110982 -0.00107533 -0.0010455 -0.00102042
-0.000576344 -0.00060452 -0.000634705 -0.000667075 -0.000701807 -0.000739096 -0.000779169 -0.000822235 -0.000868511 -0.000918214 -0.000971572 -0.00102874 -0.00108991 -0.00115518 -0.00122457 -0.00129804 -0.00137541 -0.00145635 -0.00154037 -0.00162677 -0.00171466 -0.00180294 -0.00189031 -0.00197533 -0.00205645 -0.00213202 -0.00220043 -0.00226011 -0.00230962 -0.00234772 -0.00237347 -0.00238624 -0.00238572 -0.00237204 -0.00234569 -0.0023075 -0.00225861 -0.00220039 -0.00213437 -0.00206222 -0.00198558 -0.00190612 -0.00182537 -0.00174476 -0.00166556 -0.00158882 -0.00151538 -0.00144593 -0.00138096 -0.00132081 -0.00126571 -0.00121579 -0.00117114 -0.00113178 -0.00109773 -0.00106904
-0.000598859 -0.000628935 -0.000661257 -0.000696001 -0.000733409 -0.000773727 -0.000817199 -0.0008641 -0.000914718 -0.000969323 -0.00102821 -0.00109164 -0.00115983 -0.00123298 -0.00131118 -0.00139442 -0.00148255 -0.00157522 -0.00167189 -0.00177177 -0.00187378 -0.00197658 -0.00207863 -0.00217817 -0.0022733 -0.00236207 -0.00244252 -0.00251276 -0.00257105 -0.00261589 -0.00264606 -0.00266079 -0.0026597 -0.00264294 -0.00261112 -0.00256528 -0.00250681 -0.0024374 -0.00235888 -0.00227323 -0.00218244 -0.00208851 -0.00199331 -0.00189856 -0.00180574 -0.00171614 -0.00163075 -0.00155032 -0.00147538 -0.00140628 -0.00134321 -0.00128626 -0.00123541 -0.00119067 -0.00115198 -0.00111929
-0.000621915 -0.000653984 -0.000688512 -0.000725757 -0.000765994 -0.000809485 -0.000856569 -0.000907554 -0.000962817 -0.0010227 -0.00108758 -0.00115781 -0.00123371 -0.00131555 -0.00140353 -0.00149768 -0.00159789 -0.00170379 -0.00181477 -0.00192986 -0.00204779 -0.00216691 -0.00228533 -0.00240091 -0.00251139 -0.00261451 -0.002708 -0.00278968 -0.00285748 -0.00290963 -0.00294464 -0.00296151 -0.00295978 -0.00293964 -0.00290185 -0.0028477 -0.00277886 -0.0026973 -0.0026052 -0.00250481 -0.00239845 -0.00228844 -0.00217703 -0.00206631 -0.0019581 -0.00185393 -0.001755 -0.00166218 -0.00157604 -0.00149692 -0.00142498 -0.00136021 -0.00130256 -0.00125191 -0.00120812 -0.00117108
-0.000645481 -0.000679595 -0.000716428 -0.000756277 -0.000799449 -0.000846287 -0.000897159 -0.000952479 -0.00101268 -0.0010782 -0.00114953 -0.00122712 -0.0013114 -0.00140277 -0.00150151 -0.00160774 -0.00172136 -0.00184199 -0.00196888 -0.00210085 -0.00223624 -0.00237302 -0.00250877 -0.00264093 -0.00276689 -0.00288413 -0.00299026 -0.00308297 -0.00316002 -0.00321933 -0.00325912 -0.00327813 -0.00327577 -0.00325227 -0.0032086 -0.00314633 -0.00306745 -0.00297419 -0.00286882 -0.00275376 -0.0026315 -0.00250464 -0.00237586 -0.0022477 -0.00212247 -0.0020021 -0.00188807 -0.00178142 -0.00168281 -0.00159258 -0.00151085 -0.00143751 -0.00137241 -0.00131533 -0.00126601 -0.00122426
-0.000669496 -0.000705714 -0.000744926 -0.000787463 -0.000833691 -0.000884 -0.000938841 -0.000998704 -0.00106411 -0.00113562 -0.00121383 -0.00129931 -0.00139265 -0.00149436 -0.00160482 -0.00172426 -0.0018526 -0.00198938 -0.0021336 -0.00228371 -0.00243747 -0.00259211 -0.0027445 -0.00289144 -0.00303006 -0.00315793 -0.00327303 -0.00337346 -0.00345715 -0.00352184 -0.00356538 -0.00358612 -0.00358327 -0.0035571 -0.00350893 -0.00344074 -0.00335482 -0.00325337 -0.00313841 -0.00301188 -0.00287604 -0.00273359 -0.00258763 -0.00244144 -0.00229808 -0.00216012 -0.00202954 -0.00190769 -0.00179538 -0.00169299 -0.00160054 -0.00151789 -0.00144473 -0.0013807 -0.00132546 -0.00127867
-0.000693908 -0.00073227 -0.000773933 -0.000819222 -0.000868579 -0.000922483 -0.000981443 -0.00104604 -0.00111691 -0.00119471 -0.00128018 -0.00137404 -0.00147705 -0.00158984 -0.00171296 -0.00184668 -0.00199091 -0.00214502 -0.0023076 -0.00247636 -0.00264804 -0.00281855 -0.00298338 -0.00313836 -0.0032805 -0.00340834 -0.0035216 -0.00362016 -0.003703 -0.00376795 -0.00381227 -0.00383354 -0.00383056 -0.0038038 -0.00375514 -0.00368732 -0.00360295 -0.00350369 -0.00339003 -0.00326208 -0.00312066 -0.00296804 -0.00280795 -0.00264488 -0.00248325 -0.00232688 -0.00217861 -0.00204035 -0.0019132 -0.00179764 -0.00169364 -0.00160097 -0.00151918 -0.00144776 -0.00138621 -0.00133407
-0.000718638 -0.000759197 -0.000803319 -0.000851431 -0.000904014 -0.000961591 -0.00102479 -0.00109426 -0.00117076 -0.00125512 -0.00134819 -0.00145087 -0.00156407 -0.00168863 -0.00182519 -0.00197411 -0.00213518 -0.00230742 -0.00248869 -0.00267538 -0.00286225 -0.00304257 -0.00320903 -0.00335546 -0.00347889 -0.00358087 -0.00366632 -0.00374037 -0.00380514 -0.00385889 -0.00389744 -0.00391667 -0.00391443 -0.00389149 -0.00385121 -0.00379805 -0.00373531 -0.00366289 -0.00357692 -0.00347194 -0.00334448 -0.00319533 -0.00302934 -0.00285358 -0.0026753 -0.0025006 -0.002334 -0.00217842 -0.00203548 -0.00190586 -0.00178958 -0.00168628 -0.00159534 -0.00151613 -0.00144796 -0.0013902
-0.000743627 -0.000786397 -0.000833022 -0.000883977 -0.000939803 -0.00100113 -0.00106863 -0.00114309 -0.00122538 -0.00131648 -0.0014174 -0.00152923 -0.00165305 -0.0017899 -0.00194055 -0.00210534 -0.00228388 -0.00247454 -0.00267388 -0.00287593 -0.00307171 -0.00324918 -0.00339477 -0.00349719 -0.00355311 -0.00357149 -0.0035713 -0.00357172 -0.00358258 -0.00360229 -0.00362259 -0.00363497 -0.00363503 -0.00362429 -0.00360965 -0.00360024 -0.00360185 -0.00361065 -0.00361138 -0.00358352 -0.00351237 -0.00339536 -0.00324061 -0.00306123 -0.00287042 -0.00267882 -0.00249397 -0.00232055 -0.00216113 -0.00201677 -0.00188759 -0.00177316 -0.0016727 -0.00158538 -0.00151033 -0.00144678
-0.000768804 -0.000813789 -0.000862913 -0.000916722 -0.000975818 -0.00104089 -0.00111273 -0.00119222 -0.00128038 -0.00137832 -0.00148724 -0.00160843 -0.00174319 -0.00189268 -0.00205781 -0.00223889 -0.00243512 -0.00264384 -0.00285946 -0.00307206 -0.00326579 -0.00341803 -0.00350115 -0.00348989 -0.00337655 -0.00318667 -0.00297609 -0.00280097 -0.00268807 -0.00263225 -0.00261294 -0.00261057 -0.00261547 -0.00263096 -0.00267238 -0.00276144 -0.00291341 -0.00311895 -0.00333435 -0.00349902 -0.00357 -0.00353978 -0.00342711 -0.00325997 -0.00306402 -0.00285854 -0.00265634 -0.00246507 -0.00228882 -0.00212929 -0.00198681 -0.00186089 -0.00175063 -0.00165501 -0.00157294 -0.00150346
-0.000794105 -0.000841271 -0.00089289 -0.000949528 -0.00101186 -0.00108067 -0.00115683 -0.00124135 -0.00133537 -0.00144016 -0.00155712 -0.00168774 -0.0018335 -0.00199579 -0.00217559 -0.00237303 -0.00258673 -0.0028125 -0.00304154 -0.00325761 -0.00343328 -0.00352613 -0.00347811 -0.00322674 -0.00274165 -0.00208028 -0.00139604 -0.000842835 -0.000479845 -0.000280383 -0.000189057 -0.000160504 -0.000173889 -0.000236245 -0.000381559 -0.00066328 -0.00112914 -0.00176942 -0.00247194 -0.00306708 -0.00344372 -0.00359473 -0.00357302 -0.00344163 -0.00325125 -0.00303645 -0.00281864 -0.00261004 -0.00241696 -0.00224212 -0.00208616 -0.00194864 -0.00182848 -0.00172446 -0.00163531 -0.0015599
-0.00081946 -0.000868783 -0.000922843 -0.000982261 -0.00104778 -0.00112026 -0.00120066 -0.00129012 -0.0013899 -0.00150145 -0.00162636 -0.0017663 -0.00192299 -0.00209797 -0.00229228 -0.00250582 -0.00273637 -0.00297771 -0.00321658 -0.00342773 -0.00356604 -0.0035557 -0.00327966 -0.00258614 -0.00136026 0.000297714 0.00198068 0.00328089 0.00409569 0.00453476 0.00473962 0.00480819 0.00478195 0.00464713 0.00433395 0.00371873 0.00265972 0.00112697 -0.000613158 -0.00209656 -0.0030583 -0.00353195 -0.00366663 -0.00360014 -0.00342807 -0.00320943 -0.00297833 -0.00275334 -0.00254383 -0.00235384 -0.00218452 -0.00203545 -0.00190547 -0.00179313 -0.00169699 -0.00161568
-0.000844795 -0.00089623 -0.000952672 -0.0010148 -0.00108341 -0.00115943 -0.00124395 -0.00133817 -0.00144354 -0.00156164 -0.00169424 -0.00184324 -0.00201055 -0.00219785 -0.00240621 -0.00263525 -0.00288171 -0.00313689 -0.00338207 -0.0035805 -0.00366342 -0.0035069 -0.00289848 -0.00151365 0.000985885 0.00449338 0.00802794 0.0106078 0.012123 0.0129049 0.013264 0.0133854 0.0133423 0.0131107 0.0125644 0.0114542 0.00942954 0.00629593 0.00260845 -0.000471747 -0.00239149 -0.00334998 -0.00370797 -0.00373413 -0.00359216 -0.00337488 -0.00313291 -0.00289278 -0.00266756 -0.00246294 -0.00228064 -0.00212034 -0.00198082 -0.00186042 -0.00175749 -0.00167046
-0.000870063 -0.000923542 -0.000982285 -0.00104701 -0.00111859 -0.001198 -0.00128642 -0.0013852 -0.00149587 -0.00162018 -0.00176008 -0.00191767 -0.00209504 -0.00229402 -0.00251568 -0.00275929 -0.00302046 -0.00328782 -0.00353666 -0.00371744 -0.00373448 -0.00340703 -0.0024033 -0.00016186 0.00401324 0.0100829 0.0161815 0.0204425 0.0228228 0.0240093 0.0245454 0.0247268 0.0246646 0.0243229 0.0235056 0.0217994 0.0185462 0.0132446 0.00683792 0.00159358 -0.00154748 -0.00309285 -0.00371331 -0.00384803 -0.00374324 -0.00353087 -0.00328009 -0.00302619 -0.0027863 -0.00256786 -0.00237326 -0.00220233 -0.00205375 -0.00192569 -0.0018163 -0.00172384
-0.000895219 -0.000950663 -0.00101159 -0.00107879 -0.00115316 -0.00123577 -0.00132786 -0.00143088 -0.00154647 -0.00167655 -0.0018232 -0.00198872 -0.00217537 -0.00238511 -0.002619 -0.00287593 -0.00315047 -0.00342857 -0.00367976 -0.0038422 -0.00379443 -0.00330205 -0.00192275 0.00111755 0.00681909 0.0151774 0.0235665 0.029359 0.0325458 0.0341162 0.0348222 0.0350613 0.0349807 0.034533 0.0334571 0.0311897 0.0268039 0.0195496 0.0107213 0.00352763 -0.000739598 -0.00283775 -0.00370952 -0.00394989 -0.00388231 -0.00367592 -0.00341772 -0.00315145 -0.00289818 -0.00266707 -0.00246116 -0.00228044 -0.00212349 -0.00198836 -0.001873 -0.00177549
-0.000920232 -0.000977539 -0.00104054 -0.00111006 -0.00118703 -0.0012726 -0.00136805 -0.00147493 -0.001595 -0.00173028 -0.001883 -0.00205561 -0.00225053 -0.00246985 -0.00271457 -0.00298331 -0.00326965 -0.00355727 -0.00381074 -0.00395792 -0.00385663 -0.00323161 -0.00156359 0.00204997 0.00875376 0.0185093 0.0282972 0.0350965 0.0388632 0.0407297 0.0415727 0.0418596 0.0417638 0.0412291 0.0399486 0.0372621 0.0320965 0.0236122 0.0133217 0.00490114 -0.000140116 -0.00265016 -0.00372009 -0.00404674 -0.00401013 -0.0038086 -0.00354376 -0.00326658 -0.00300149 -0.00275916 -0.00254321 -0.00235377 -0.00218936 -0.00204789 -0.00192715 -0.00182509
-0.000945091 -0.00100416 -0.00106909 -0.00114075 -0.00122011 -0.00130836 -0.00140684 -0.00151716 -0.00164117 -0.00178097 -0.00193896 -0.00211767 -0.00231966 -0.0025471 -0.002801 -0.00307973 -0.0033761 -0.00367203 -0.00392828 -0.00406522 -0.00392635 -0.00321055 -0.00135573 0.00259917 0.00984402 0.0203005 0.0307905 0.0381346 0.0422484 0.0443079 0.0452459 0.0455671 0.0454601 0.0448641 0.0434455 0.0404964 0.034887 0.0257658 0.0147496 0.00569471 0.000214483 -0.00255204 -0.00375432 -0.00414108 -0.00412612 -0.00392716 -0.00365627 -0.00336976 -0.00309466 -0.00284285 -0.00261841 -0.00242156 -0.00225078 -0.00210385 -0.00197846 -0.00187241
-0.000969774 -0.00103049 -0.00109723 -0.00117085 -0.00125237 -0.00134299 -0.00144412 -0.00155741 -0.00168476 -0.00182838 -0.0019907 -0.00217437 -0.00238206 -0.002616 -0.00287718 -0.00316379 -0.00346814 -0.00377088 -0.00403029 -0.00416193 -0.00400067 -0.00323126 -0.00127125 0.00286299 0.0103715 0.0211525 0.031968 0.0395787 0.0438762 0.046046 0.0470413 0.0473839 0.04727 0.046636 0.0451362 0.0420423 0.0362073 0.0267842 0.0154344 0.00607964 0.000377421 -0.00252893 -0.00380785 -0.00423054 -0.00422817 -0.00402961 -0.00375342 -0.00345942 -0.00317644 -0.00291717 -0.00268598 -0.00248322 -0.00230729 -0.00215592 -0.00202667 -0.00191727
-0.000994329 -0.00105658 -0.00112496 -0.00120035 -0.00128379 -0.00137648 -0.00147986 -0.00159562 -0.00172569 -0.00187232 -0.00203798 -0.00222541 -0.0024373 -0.00267593 -0.00294231 -0.00323449 -0.00354446 -0.00385222 -0.00411461 -0.00424458 -0.00407269 -0.00327705 -0.00126673 0.00294959 0.0105734 0.0214921 0.032446 0.040174 0.0445565 0.0467802 0.0478047 0.0481585 0.0480409 0.0473873 0.0458468 0.042684 0.0367472 0.027194 0.015703 0.00621943 0.000417952 -0.00255396 -0.00387012 -0.0043104 -0.00431359 -0.00411407 -0.00383379 -0.00353446 -0.00324594 -0.00298141 -0.00274544 -0.00253838 -0.00235865 -0.00220391 -0.00207167 -0.00195961
