data/model 3/Gz.grd
DSAA
101 101
0 80000
0 80000
-0.0113388 0.0514967
[rows 75 to 99 of 101, columns 0 to 55 of 101]
-0.00264951 -0.00290336 -0.00318932 -0.00351206 -0.00387677 -0.00428909 -0.00475497 -0.00528007 -0.00586874 -0.00652208 -0.0072342 -0.00798523 -0.00872821 -0.00936408 -0.00969244 -0.00931099 -0.0074042 -0.00234131 0.00846004 0.0248734 0.0390321 0.0466827 0.049969 0.0510776 0.0511717 0.0508258 0.0503264 0.0498186 0.0493753 0.0490326 0.0488077 0.0487081 0.0487364 0.0488917 0.0491693 0.0495576 0.0500316 0.0505396 0.0509787 0.0511451 0.0506338 0.0486271 0.0434927 0.0326471 0.0162161 0.00206615 -0.00554919 -0.00877273 -0.0097901 -0.00976279 -0.00926293 -0.00857447 -0.00783889 -0.00712518 -0.0064648 -0.00586978
-0.00260085 -0.00284766 -0.00312539 -0.00343847 -0.00379187 -0.00419098 -0.00464144 -0.00514862 -0.0057166 -0.00634633 -0.00703191 -0.00775384 -0.00846606 -0.00907123 -0.00937161 -0.00896862 -0.00705069 -0.00198976 0.00879731 0.0251897 0.0393291 0.04697 0.0502588 0.0513812 0.0514967 0.0511754 0.0507009 0.0502156 0.0497911 0.0494626 0.0492468 0.0491512 0.0491782 0.049327 0.049593 0.0499648 0.0504181 0.0509023 0.0513163 0.0514593 0.05093 0.0489149 0.0437843 0.032954 0.0165443 0.00241304 -0.00519367 -0.00842185 -0.0094559 -0.00945372 -0.00898347 -0.00832587 -0.00762022 -0.00693423 -0.00629878 -0.00572572
-0.00254689 -0.00278585 -0.0030544 -0.00335673 -0.00369754 -0.00408192 -0.00451517 -0.00500235 -0.00554726 -0.00615072 -0.006807 -0.00749727 -0.00817715 -0.00875241 -0.00903062 -0.00862102 -0.00672168 -0.00171253 0.00898992 0.0252791 0.0393214 0.0468917 0.0501437 0.0512579 0.0513845 0.0510846 0.0506348 0.0501733 0.0497693 0.0494564 0.0492509 0.0491598 0.0491853 0.0493268 0.0495798 0.0499336 0.0503645 0.0508241 0.0512146 0.0513404 0.0508085 0.0488149 0.0437381 0.0329936 0.0166873 0.00265277 -0.00488476 -0.0080783 -0.00910744 -0.00912064 -0.0086771 -0.00805099 -0.00737746 -0.0067219 -0.0061141 -0.0055655
-0.00248811 -0.00271852 -0.00297706 -0.00326768 -0.00359476 -0.00396306 -0.00437754 -0.00484288 -0.00536267 -0.00593762 -0.00656235 -0.00721923 -0.00786659 -0.00841557 -0.00868353 -0.00829584 -0.00647389 -0.00162271 0.00883314 0.0248221 0.0385828 0.045948 0.0490823 0.0501466 0.050265 0.0499788 0.0495518 0.0491146 0.0487322 0.0484362 0.0482418 0.0481554 0.0481794 0.048313 0.0485521 0.0488865 0.0492942 0.0497297 0.0501007 0.0502219 0.0497162 0.0478032 0.0428866 0.0323899 0.0163842 0.00263073 -0.00470321 -0.00778164 -0.00876426 -0.00877397 -0.00835011 -0.00775412 -0.00711383 -0.00649078 -0.00591289 -0.00539091
-0.00242501 -0.00264627 -0.00289412 -0.0031722 -0.00348459 -0.00383568 -0.00423007 -0.00467209 -0.00516504 -0.00570966 -0.00630115 -0.00692366 -0.00753953 -0.00806834 -0.00834389 -0.00802234 -0.00637827 -0.0018929 0.00795219 0.0231609 0.0362034 0.0430806 0.0459505 0.0468972 0.0469787 0.0466951 0.0462873 0.0458739 0.0455138 0.0452355 0.0450528 0.0449716 0.044994 0.0451192 0.0453435 0.0456577 0.0460419 0.0464549 0.0468131 0.0469477 0.0465128 0.0447811 0.0402326 0.0303481 0.015123 0.00208708 -0.00476041 -0.00757706 -0.00844585 -0.00842359 -0.00800862 -0.00743973 -0.00683289 -0.00624377 -0.00569757 -0.00520395
-0.00235819 -0.00256981 -0.00280638 -0.00307127 -0.00336819 -0.00370119 -0.00407445 -0.00449196 -0.00495677 -0.00546969 -0.00602674 -0.00661438 -0.00720038 -0.00771594 -0.00801943 -0.00781816 -0.00649216 -0.0027232 0.00574814 0.019023 0.0303491 0.0362057 0.0385876 0.0393291 0.03934 0.0390465 0.0386539 0.0382635 0.037926 0.0376661 0.0374956 0.0374198 0.0374404 0.0375568 0.0377658 0.0380593 0.0384202 0.0388127 0.0391654 0.0393342 0.0390243 0.0376143 0.0337848 0.0252754 0.0119846 0.000664388 -0.00516423 -0.0074956 -0.00816322 -0.0080756 -0.00765738 -0.0071119 -0.0065382 -0.00598393 -0.00547073 -0.00500683
-0.00228822 -0.00248982 -0.0027147 -0.00296589 -0.00324679 -0.00356106 -0.00391245 -0.00430463 -0.00474037 -0.00522066 -0.00574247 -0.00629494 -0.00685221 -0.00735964 -0.00770666 -0.00767046 -0.00679436 -0.00414492 0.00181355 0.0110873 0.019025 0.0231652 0.0248289 0.0252888 0.0252025 0.0248897 0.0245092 0.0241412 0.0238265 0.0235853 0.0234273 0.023357 0.0233759 0.0234833 0.0236766 0.0239491 0.0242866 0.0246603 0.0250129 0.0252316 0.0250919 0.0241355 0.0214281 0.0154331 0.0061438 -0.00178874 -0.0059027 -0.00751876 -0.0079088 -0.00772937 -0.00729882 -0.00677406 -0.00623323 -0.00571444 -0.00523512 -0.00480183
-0.00221572 -0.00240705 -0.00261992 -0.00285712 -0.00312164 -0.00341678 -0.0037459 -0.00411225 -0.00451845 -0.00496558 -0.00545161 -0.00596849 -0.00649693 -0.00699699 -0.00739073 -0.00752997 -0.0071373 -0.00572368 -0.00266575 0.00181534 0.00575195 0.00795825 0.0088417 0.00900126 0.00881174 0.00847788 0.00810911 0.0077636 0.00747187 0.00724953 0.00710427 0.00703955 0.00705657 0.0071549 0.00733236 0.00758364 0.00789771 0.0082526 0.00860603 0.0088781 0.00891896 0.00844992 0.00698095 0.00388799 -0.000608261 -0.00454029 -0.00672215 -0.00756092 -0.00765486 -0.00737779 -0.00693323 -0.00642898 -0.00592131 -0.00543846 -0.00499352 -0.00459135
-0.0021413 -0.0023222 -0.00252295 -0.00274597 -0.00299399 -0.00326986 -0.00357659 -0.00391703 -0.00429357 -0.00470741 -0.00515743 -0.00563809 -0.0061361 -0.00662459 -0.00705388 -0.00733727 -0.00733368 -0.00684685 -0.00572208 -0.00414154 -0.00271782 -0.00188529 -0.00161265 -0.00169975 -0.00197396 -0.00232218 -0.00267673 -0.00299892 -0.00326739 -0.00347079 -0.00360339 -0.00366253 -0.00364732 -0.00355806 -0.00339647 -0.00316652 -0.00287639 -0.00254178 -0.00219159 -0.00187729 -0.00168704 -0.00176306 -0.00230253 -0.0034608 -0.00505607 -0.0064759 -0.0072858 -0.00751674 -0.00736827 -0.00701215 -0.00656037 -0.00607921 -0.00560566 -0.00515911 -0.00474871 -0.00437773
-0.00206554 -0.00223599 -0.00242458 -0.00263349 -0.00286504 -0.00312178 -0.00340628 -0.00372105 -0.00406821 -0.00444906 -0.00486312 -0.00530697 -0.00577201 -0.00624149 -0.00668618 -0.00705991 -0.00729835 -0.00733226 -0.00713428 -0.00678957 -0.00648541 -0.00636933 -0.00646254 -0.00670766 -0.00703374 -0.00738401 -0.00771992 -0.00801743 -0.00826241 -0.00844701 -0.00856711 -0.00862078 -0.00860733 -0.008527 -0.00838108 -0.00817247 -0.00790693 -0.00759512 -0.00725562 -0.00691919 -0.00663332 -0.00646337 -0.0064794 -0.0067093 -0.00706832 -0.00736926 -0.00746453 -0.00733261 -0.00703038 -0.00662802 -0.00618133 -0.00572765 -0.00528956 -0.00487949 -0.00450338 -0.00416328
-0.00198903 -0.0021491 -0.00232566 -0.0025206 -0.00273596 -0.00297389 -0.00323661 -0.00352627 -0.00384475 -0.00419326 -0.00457186 -0.00497855 -0.00540814 -0.00585068 -0.00628985 -0.00670206 -0.00705865 -0.00733458 -0.00752571 -0.00766445 -0.00781022 -0.00801225 -0.0082834 -0.00860598 -0.00895073 -0.00928997 -0.00960254 -0.00987407 -0.0100955 -0.0102617 -0.0103697 -0.010418 -0.0104063 -0.0103346 -0.010204 -0.0100164 -0.00977596 -0.00948955 -0.00916873 -0.00883118 -0.00850159 -0.00820957 -0.00798084 -0.00782009 -0.00769521 -0.0075469 -0.00732585 -0.00701896 -0.00664348 -0.00622803 -0.00579944 -0.00537783 -0.00497634 -0.00460254 -0.00426009 -0.00395012
-0.0019123 -0.00206215 -0.00222692 -0.00240822 -0.00260779 -0.00282746 -0.00306909 -0.0033345 -0.00362528 -0.00394256 -0.00428663 -0.00465645 -0.00504895 -0.00545839 -0.00587572 -0.00628871 -0.00668379 -0.00705009 -0.00738539 -0.00769959 -0.00801046 -0.00833283 -0.00867017 -0.00901474 -0.00935297 -0.00967077 -0.00995639 -0.0102012 -0.0103996 -0.0105479 -0.0106443 -0.0106876 -0.0106774 -0.010614 -0.0104981 -0.010331 -0.0101156 -0.00985648 -0.00956065 -0.00923838 -0.00890286 -0.00856849 -0.00824672 -0.00794024 -0.00763946 -0.00732667 -0.00698705 -0.00661689 -0.00622356 -0.00582008 -0.00541984 -0.00503372 -0.00466927 -0.00433102 -0.00402113 -0.00374021
-0.00183584 -0.00197575 -0.00212905 -0.00229715 -0.00248148 -0.00268359 -0.00290503 -0.00314727 -0.00341166 -0.00369915 -0.00401012 -0.00434405 -0.00469914 -0.00507199 -0.00545738 -0.00584855 -0.00623809 -0.00661982 -0.00699068 -0.00735165 -0.0077061 -0.00805646 -0.00840146 -0.00873584 -0.00905199 -0.00934194 -0.00959873 -0.00981705 -0.00999314 -0.0101246 -0.01021 -0.0102485 -0.0102399 -0.0101842 -0.0100821 -0.00993466 -0.00974374 -0.00951244 -0.00924533 -0.00894859 -0.00862987 -0.00829723 -0.00795741 -0.00761386 -0.00726586 -0.00691013 -0.00654421 -0.00616922 -0.00579009 -0.005414 -0.00504832 -0.00469928 -0.00437137 -0.00406733 -0.00378852 -0.00353524
-0.00176013 -0.00189039 -0.00203267 -0.00218807 -0.00235784 -0.00254323 -0.00274551 -0.00296589 -0.00320541 -0.00346486 -0.00374457 -0.00404431 -0.0043629 -0.00469824 -0.00504704 -0.00540511 -0.00576775 -0.00613048 -0.0064898 -0.00684343 -0.00718979 -0.00752697 -0.00785187 -0.00816006 -0.0084464 -0.00870574 -0.00893358 -0.00912635 -0.00928147 -0.00939717 -0.00947237 -0.00950648 -0.00949925 -0.00945081 -0.00936158 -0.00923241 -0.00906472 -0.00886073 -0.00862354 -0.00835722 -0.0080667 -0.00775729 -0.00743392 -0.00710042 -0.00675929 -0.00641225 -0.00606116 -0.005709 -0.00535992 -0.00501875 -0.00469012 -0.00437796 -0.00408515 -0.0038135 -0.00356393 -0.00333662
-0.00168554 -0.00180657 -0.00193826 -0.0020816 -0.00223757 -0.00240719 -0.00259148 -0.00279138 -0.00300771 -0.00324106 -0.00349171 -0.00375946 -0.00404349 -0.00434234 -0.00465374 -0.00497474 -0.00530194 -0.00563174 -0.00596066 -0.00628551 -0.00660319 -0.00691055 -0.00720403 -0.0074798 -0.00773388 -0.00796257 -0.00816265 -0.00833153 -0.00846729 -0.00856857 -0.00863449 -0.00866457 -0.00865861 -0.00861671 -0.00853922 -0.00842685 -0.00828074 -0.00810255 -0.00789455 -0.00765971 -0.00740158 -0.00712405 -0.00683113 -0.00652658 -0.00621382 -0.00589599 -0.00557628 -0.00525814 -0.00494521 -0.00464115 -0.00434931 -0.00407244 -0.00381258 -0.00357107 -0.00334862 -0.00314543
-0.00161243 -0.00172465 -0.00184631 -0.00197822 -0.00212121 -0.00227606 -0.00244358 -0.00262449 -0.0028194 -0.00302874 -0.00325267 -0.00349098 -0.00374304 -0.00400769 -0.00428321 -0.00456737 -0.00485743 -0.00515043 -0.00544319 -0.00573248 -0.00601506 -0.00628761 -0.00654679 -0.00678924 -0.00701177 -0.00721148 -0.00738588 -0.00753295 -0.00765117 -0.00773943 -0.00779701 -0.00782346 -0.00781862 -0.0077826 -0.00771569 -0.00761849 -0.00749196 -0.00733743 -0.00715672 -0.0069521 -0.00672634 -0.00648254 -0.00622404 -0.00595428 -0.00567662 -0.00539442 -0.00511099 -0.00482962 -0.0045535 -0.0042856 -0.00402856 -0.00378447 -0.00355496 -0.0033411 -0.00314352 -0.00296249
-0.0015411 -0.00164495 -0.00175714 -0.00187834 -0.00200918 -0.00215029 -0.0023023 -0.00246573 -0.00264103 -0.00282846 -0.00302808 -0.00323969 -0.00346268 -0.00369609 -0.00393853 -0.00418817 -0.0044428 -0.00469988 -0.00495666 -0.00521023 -0.0054576 -0.00569578 -0.0059218 -0.00613279 -0.00632612 -0.00649941 -0.00665065 -0.00677819 -0.00688076 -0.00695744 -0.00700757 -0.0070308 -0.00702697 -0.00699615 -0.00693862 -0.00685493 -0.00674589 -0.0066126 -0.00645659 -0.0062797 -0.00608419 -0.00587259 -0.00564775 -0.00541262 -0.00517025 -0.00492371 -0.00467604 -0.00443016 -0.0041888 -0.00395444 -0.00372926 -0.00351498 -0.00331297 -0.00312417 -0.00294918 -0.00278832
-0.00147178 -0.00156773 -0.00167105 -0.00178222 -0.00190177 -0.00203019 -0.00216793 -0.00231539 -0.00247284 -0.00264043 -0.00281817 -0.00300575 -0.00320266 -0.00340804 -0.00362071 -0.00383914 -0.00406147 -0.00428558 -0.00450911 -0.00472958 -0.00494438 -0.00515093 -0.0053467 -0.00552926 -0.00569643 -0.00584621 -0.00597695 -0.00608725 -0.00617604 -0.00624251 -0.00628611 -0.00630649 -0.00630352 -0.00627727 -0.006228 -0.00615618 -0.00606252 -0.005948 -0.00581387 -0.00566172 -0.00549339 -0.00531103 -0.00511699 -0.00491382 -0.00470414 -0.00449061 -0.00427585 -0.00406239 -0.00385253 -0.00364839 -0.0034518 -0.00326422 -0.00308683 -0.0029205 -0.00276584 -0.00262321
-0.00140463 -0.0014932 -0.00158821 -0.00169008 -0.0017992 -0.00191594 -0.00204063 -0.00217354 -0.00231485 -0.00246462 -0.00262273 -0.00278891 -0.00296265 -0.00314317 -0.00332947 -0.00352022 -0.00371389 -0.00390867 -0.00410259 -0.00429355 -0.00447936 -0.00465783 -0.00482683 -0.00498436 -0.00512855 -0.00525777 -0.00537059 -0.00546585 -0.00554263 -0.0056002 -0.00563807 -0.00565596 -0.00565374 -0.00563147 -0.00558937 -0.00552788 -0.00544764 -0.00534947 -0.00523447 -0.00510397 -0.00495953 -0.00480294 -0.00463618 -0.0044614 -0.00428082 -0.00409667 -0.00391117 -0.00372647 -0.00354453 -0.00336713 -0.0031958 -0.00303185 -0.00287631 -0.00273 -0.00259349 -0.00246722
-0.00133984 -0.00142149 -0.00150878 -0.00160203 -0.00170155 -0.00180759 -0.00192041 -0.00204016 -0.00216693 -0.00230072 -0.00244136 -0.00258856 -0.00274183 -0.0029005 -0.00306366 -0.00323019 -0.00339879 -0.00356794 -0.00373599 -0.00390118 -0.0040617 -0.00421573 -0.00436148 -0.00449727 -0.00462157 -0.00473297 -0.00483029 -0.00491254 -0.00497889 -0.00502875 -0.00506167 -0.00507739 -0.0050758 -0.00505696 -0.00502107 -0.00496853 -0.00489987 -0.00481584 -0.00471737 -0.00460559 -0.00448183 -0.0043476 -0.00420456 -0.00405449 -0.00389924 -0.00374072 -0.00358076 -0.00342118 -0.0032636 -0.00310956 -0.00296039 -0.0028172 -0.00268092 -0.00255232 -0.00243195 -0.00232028
-0.00127747 -0.00135269 -0.00143282 -0.00151813 -0.00160884 -0.00170513 -0.00180716 -0.00191503 -0.00202875 -0.00214828 -0.00227342 -0.00240387 -0.00253917 -0.00267871 -0.00282168 -0.00296716 -0.00311401 -0.00326097 -0.00340667 -0.00354964 -0.00368836 -0.00382133 -0.00394707 -0.00406418 -0.00417136 -0.00426744 -0.00435144 -0.00442247 -0.00447986 -0.00452307 -0.00455172 -0.00456555 -0.00456451 -0.00454861 -0.00451806 -0.00447319 -0.00441449 -0.00434259 -0.00425831 -0.00416261 -0.00405662 -0.00394158 -0.00381893 -0.00369011 -0.0035567 -0.00342026 -0.00328236 -0.00314447 -0.00300803 -0.00287427 -0.00274438 -0.00261934 -0.00249996 -0.00238695 -0.00228087 -0.00218216
-0.00121759 -0.00128684 -0.00136037 -0.00143838 -0.00152103 -0.00160845 -0.00170072 -0.00179791 -0.00189996 -0.0020068 -0.00211821 -0.0022339 -0.00235344 -0.00247629 -0.00260174 -0.00272898 -0.00285706 -0.00298492 -0.0031114 -0.00323529 -0.00335534 -0.00347028 -0.00357889 -0.00368 -0.00377254 -0.00385553 -0.0039281 -0.00398952 -0.00403922 -0.00407671 -0.00410167 -0.00411389 -0.00411329 -0.00409991 -0.00407393 -0.00403564 -0.00398546 -0.00392393 -0.00385179 -0.00376982 -0.00367899 -0.00358037 -0.00347512 -0.00336448 -0.00324975 -0.00313225 -0.00301326 -0.00289406 -0.0027758 -0.00265961 -0.00254645 -0.00243719 -0.00233259 -0.00223328 -0.00213979 -0.00205256
-0.00116024 -0.00122397 -0.00129142 -0.00136274 -0.00143803 -0.00151739 -0.00160087 -0.00168844 -0.00178007 -0.00187564 -0.00197491 -0.00207763 -0.00218339 -0.0022917 -0.00240193 -0.00251342 -0.00262534 -0.00273678 -0.00284679 -0.00295436 -0.00305844 -0.00315799 -0.00325198 -0.00333946 -0.00341949 -0.00349128 -0.00355409 -0.0036073 -0.00365041 -0.00368299 -0.0037048 -0.00371561 -0.00371539 -0.00370416 -0.00368207 -0.00364939 -0.00360647 -0.00355382 -0.003492 -0.00342173 -0.00334383 -0.00325917 -0.00316875 -0.00307361 -0.00297482 -0.0028735 -0.0027707 -0.00266751 -0.00256492 -0.00246386 -0.00236519 -0.00226966 -0.00217795 -0.00209063 -0.00200821 -0.00193113
-0.00110542 -0.00116404 -0.0012259 -0.0012911 -0.0013597 -0.00143177 -0.0015073 -0.00158627 -0.0016686 -0.00175415 -0.00184273 -0.00193405 -0.00202775 -0.00212339 -0.00222046 -0.00231833 -0.00241631 -0.00251367 -0.00260958 -0.00270319 -0.00279363 -0.00288005 -0.00296158 -0.00303742 -0.0031068 -0.00316903 -0.0032235 -0.00326969 -0.00330716 -0.00333556 -0.00335464 -0.00336426 -0.00336435 -0.00335494 -0.00333617 -0.00330827 -0.00327154 -0.00322642 -0.0031734 -0.00311309 -0.00304618 -0.0029734 -0.0028956 -0.00281365 -0.00272845 -0.00264092 -0.00255198 -0.00246251 -0.00237337 -0.00228537 -0.00219922 -0.00211561 -0.00203511 -0.0019583 -0.00188558 -0.00181742
-0.00105309 -0.00110701 -0.00116374 -0.00122335 -0.00128587 -0.00135134 -0.00141973 -0.00149099 -0.00156503 -0.00164171 -0.00172083 -0.00180214 -0.00188529 -0.00196991 -0.00205554 -0.00214165 -0.00222764 -0.00231289 -0.0023967 -0.00247837 -0.00255718 -0.00263239 -0.00270329 -0.00276921 -0.00282949 -0.00288357 -0.00293093 -0.00297113 -0.00300377 -0.00302858 -0.00304533 -0.00305391 -0.00305425 -0.0030464 -0.00303045 -0.00300661 -0.00297516 -0.00293645 -0.00289092 -0.00283907 -0.00278149 -0.00271883 -0.00265176 -0.00258105 -0.00250742 -0.00243167 -0.00235457 -0.00227687 -0.00219929 -0.00212253 -0.00204722 -0.00197393 -0.00190321 -0.00183554 -0.00177136 -0.00171104
