data/model 2/linear.grd
DSAA
 51 51
 -30 30
 -30 30
 2.000000e-02 6.002000e+01
[rows 0 to 23 of 51, columns 0 to 50 of 51]
2.000000e-02 6.200000e-01 1.220000e+00 1.820000e+00 2.420000e+00 3.020000e+00 3.620000e+00 4.220000e+00 4.820000e+00 5.420000e+00 6.020000e+00 6.620000e+00 7.220000e+00 7.820000e+00 8.420000e+00 9.020000e+00 9.620000e+00 1.022000e+01 1.082000e+01 1.142000e+01 1.202000e+01 1.262000e+01 1.322000e+01 1.382000e+01 1.442000e+01 1.502000e+01 1.562000e+01 1.622000e+01 1.682000e+01 1.742000e+01 1.802000e+01 1.862000e+01 1.922000e+01 1.982000e+01 2.042000e+01 2.102000e+01 2.162000e+01 2.222000e+01 2.282000e+01 2.342000e+01 2.402000e+01 2.462000e+01 2.522000e+01 2.582000e+01 2.642000e+01 2.702000e+01 2.762000e+01 2.822000e+01 2.882000e+01 2.942000e+01 3.002000e+01
6.200000e-01 1.220000e+00 1.820000e+00 2.420000e+00 3.020000e+00 3.620000e+00 4.220000e+00 4.820000e+00 5.420000e+00 6.020000e+00 6.620000e+00 7.220000e+00 7.820000e+00 8.420000e+00 9.020000e+00 9.620000e+00 1.022000e+01 1.082000e+01 1.142000e+01 1.202000e+01 1.262000e+01 1.322000e+01 1.382000e+01 1.442000e+01 1.502000e+01 1.562000e+01 1.622000e+01 1.682000e+01 1.742000e+01 1.802000e+01 1.862000e+01 1.922000e+01 1.982000e+01 2.042000e+01 2.102000e+01 2.162000e+01 2.222000e+01 2.282000e+01 2.342000e+01 2.402000e+01 2.462000e+01 2.522000e+01 2.582000e+01 2.642000e+01 2.702000e+01 2.762000e+01 2.822000e+01 2.882000e+01 2.942000e+01 3.002000e+01 3.062000e+01
1.220000e+00 1.820000e+00 2.420000e+00 3.020000e+00 3.620000e+00 4.220000e+00 4.820000e+00 5.420000e+00 6.020000e+00 6.620000e+00 7.220000e+00 7.820000e+00 8.420000e+00 9.020000e+00 9.620000e+00 1.022000e+01 1.082000e+01 1.142000e+01 1.202000e+01 1.262000e+01 1.322000e+01 1.382000e+01 1.442000e+01 1.502000e+01 1.562000e+01 1.622000e+01 1.682000e+01 1.742000e+01 1.802000e+01 1.862000e+01 1.922000e+01 1.982000e+01 2.042000e+01 2.102000e+01 2.162000e+01 2.222000e+01 2.282000e+01 2.342000e+01 2.402000e+01 2.462000e+01 2.522000e+01 2.582000e+01 2.642000e+01 2.702000e+01 2.762000e+01 2.822000e+01 2.882000e+01 2.942000e+01 3.002000e+01 3.062000e+01 3.122000e+01
1.820000e+00 2.420000e+00 3.020000e+00 3.620000e+00 4.220000e+00 4.820000e+00 5.420000e+00 6.020000e+00 6.620000e+00 7.220000e+00 7.820000e+00 8.420000e+00 9.020000e+00 9.620000e+00 1.022000e+01 1.082000e+01 1.142000e+01 1.202000e+01 1.262000e+01 1.322000e+01 1.382000e+01 1.442000e+01 1.502000e+01 1.562000e+01 1.622000e+01 1.682000e+01 1.742000e+01 1.802000e+01 1.862000e+01 1.922000e+01 1.982000e+01 2.042000e+01 2.102000e+01 2.162000e+01 2.222000e+01 2.282000e+01 2.342000e+01 2.402000e+01 2.462000e+01 2.522000e+01 2.582000e+01 2.642000e+01 2.702000e+01 2.762000e+01 2.822000e+01 2.882000e+01 2.942000e+01 3.002000e+01 3.062000e+01 3.122000e+01 3.182000e+01
2.420000e+00 3.020000e+00 3.620000e+00 4.220000e+00 4.820000e+00 5.420000e+00 6.020000e+00 6.620000e+00 7.220000e+00 7.820000e+00 8.420000e+00 9.020000e+00 9.620000e+00 1.022000e+01 1.082000e+01 1.142000e+01 1.202000e+01 1.262000e+01 1.322000e+01 1.382000e+01 1.442000e+01 1.502000e+01 1.562000e+01 1.622000e+01 1.682000e+01 1.742000e+01 1.802000e+01 1.862000e+01 1.922000e+01 1.982000e+01 2.042000e+01 2.102000e+01 2.162000e+01 2.222000e+01 2.282000e+01 2.342000e+01 2.402000e+01 2.462000e+01 2.522000e+01 2.582000e+01 2.642000e+01 2.702000e+01 2.762000e+01 2.822000e+01 2.882000e+01 2.942000e+01 3.002000e+01 3.062000e+01 3.122000e+01 3.182000e+01 3.242000e+01
3.020000e+00 3.620000e+00 4.220000e+00 4.820000e+00 5.420000e+00 6.020000e+00 6.620000e+00 7.220000e+00 7.820000e+00 8.420000e+00 9.020000e+00 9.620000e+00 1.022000e+01 1.082000e+01 1.142000e+01 1.202000e+01 1.262000e+01 1.322000e+01 1.382000e+01 1.442000e+01 1.502000e+01 1.562000e+01 1.622000e+01 1.682000e+01 1.742000e+01 1.802000e+01 1.862000e+01 1.922000e+01 1.982000e+01 2.042000e+01 2.102000e+01 2.162000e+01 2.222000e+01 2.282000e+01 2.342000e+01 2.402000e+01 2.462000e+01 2.522000e+01 2.582000e+01 2.642000e+01 2.702000e+01 2.762000e+01 2.822000e+01 2.882000e+01 2.942000e+01 3.002000e+01 3.062000e+01 3.122000e+01 3.182000e+01 3.242000e+01 3.302000e+01
3.620000e+00 4.220000e+00 4.820000e+00 5.420000e+00 6.020000e+00 6.620000e+00 7.220000e+00 7.820000e+00 8.420000e+00 9.020000e+00 9.620000e+00 1.022000e+01 1.082000e+01 1.142000e+01 1.202000e+01 1.262000e+01 1.322000e+01 1.382000e+01 1.442000e+01 1.502000e+01 1.562000e+01 1.622000e+01 1.682000e+01 1.742000e+01 1.802000e+01 1.862000e+01 1.922000e+01 1.982000e+01 2.042000e+01 2.102000e+01 2.162000e+01 2.222000e+01 2.282000e+01 2.342000e+01 2.402000e+01 2.462000e+01 2.522000e+01 2.582000e+01 2.642000e+01 2.702000e+01 2.762000e+01 2.822000e+01 2.882000e+01 2.942000e+01 3.002000e+01 3.062000e+01 3.122000e+01 3.182000e+01 3.242000e+01 3.302000e+01 3.362000e+01
4.220000e+00 4.820000e+00 5.420000e+00 6.020000e+00 6.620000e+00 7.220000e+00 7.820000e+00 8.420000e+00 9.020000e+00 9.620000e+00 1.022000e+01 1.082000e+01 1.142000e+01 1.202000e+01 1.262000e+01 1.322000e+01 1.382000e+01 1.442000e+01 1.502000e+01 1.562000e+01 1.622000e+01 1.682000e+01 1.742000e+01 1.802000e+01 1.862000e+01 1.922000e+01 1.982000e+01 2.042000e+01 2.102000e+01 2.162000e+01 2.222000e+01 2.282000e+01 2.342000e+01 2.402000e+01 2.462000e+01 2.522000e+01 2.582000e+01 2.642000e+01 2.702000e+01 2.762000e+01 2.822000e+01 2.882000e+01 2.942000e+01 3.002000e+01 3.062000e+01 3.122000e+01 3.182000e+01 3.242000e+01 3.302000e+01 3.362000e+01 3.422000e+01
4.820000e+00 5.420000e+00 6.020000e+00 6.620000e+00 7.220000e+00 7.820000e+00 8.420000e+00 9.020000e+00 9.620000e+00 1.022000e+01 1.082000e+01 1.142000e+01 1.202000e+01 1.262000e+01 1.322000e+01 1.382000e+01 1.442000e+01 1.502000e+01 1.562000e+01 1.622000e+01 1.682000e+01 1.742000e+01 1.802000e+01 1.862000e+01 1.922000e+01 1.982000e+01 2.042000e+01 2.102000e+01 2.162000e+01 2.222000e+01 2.282000e+01 2.342000e+01 2.402000e+01 2.462000e+01 2.522000e+01 2.582000e+01 2.642000e+01 2.702000e+01 2.762000e+01 2.822000e+01 2.882000e+01 2.942000e+01 3.002000e+01 3.062000e+01 3.122000e+01 3.182000e+01 3.242000e+01 3.302000e+01 3.362000e+01 3.422000e+01 3.482000e+01
5.420000e+00 6.020000e+00 6.620000e+00 7.220000e+00 7.820000e+00 8.420000e+00 9.020000e+00 9.620000e+00 1.022000e+01 1.082000e+01 1.142000e+01 1.202000e+01 1.262000e+01 1.322000e+01 1.382000e+01 1.442000e+01 1.502000e+01 1.562000e+01 1.622000e+01 1.682000e+01 1.742000e+01 1.802000e+01 1.862000e+01 1.922000e+01 1.982000e+01 2.042000e+01 2.102000e+01 2.162000e+01 2.222000e+01 2.282000e+01 2.342000e+01 2.402000e+01 2.462000e+01 2.522000e+01 2.582000e+01 2.642000e+01 2.702000e+01 2.762000e+01 2.822000e+01 2.882000e+01 2.942000e+01 3.002000e+01 3.062000e+01 3.122000e+01 3.182000e+01 3.242000e+01 3.302000e+01 3.362000e+01 3.422000e+01 3.482000e+01 3.542000e+01
6.020000e+00 6.620000e+00 7.220000e+00 7.820000e+00 8.420000e+00 9.020000e+00 9.620000e+00 1.022000e+01 1.082000e+01 1.142000e+01 1.202000e+01 1.262000e+01 1.322000e+01 1.382000e+01 1.442000e+01 1.502000e+01 1.562000e+01 1.622000e+01 1.682000e+01 1.742000e+01 1.802000e+01 1.862000e+01 1.922000e+01 1.982000e+01 2.042000e+01 2.102000e+01 2.162000e+01 2.222000e+01 2.282000e+01 2.342000e+01 2.402000e+01 2.462000e+01 2.522000e+01 2.582000e+01 2.642000e+01 2.702000e+01 2.762000e+01 2.822000e+01 2.882000e+01 2.942000e+01 3.002000e+01 3.062000e+01 3.122000e+01 3.182000e+01 3.242000e+01 3.302000e+01 3.362000e+01 3.422000e+01 3.482000e+01 3.542000e+01 3.602000e+01
6.620000e+00 7.220000e+00 7.820000e+00 8.420000e+00 9.020000e+00 9.620000e+00 1.022000e+01 1.082000e+01 1.142000e+01 1.202000e+01 1.262000e+01 1.322000e+01 1.382000e+01 1.442000e+01 1.502000e+01 1.562000e+01 1.622000e+01 1.682000e+01 1.742000e+01 1.802000e+01 1.862000e+01 1.922000e+01 1.982000e+01 2.042000e+01 2.102000e+01 2.162000e+01 2.222000e+01 2.282000e+01 2.342000e+01 2.402000e+01 2.462000e+01 2.522000e+01 2.582000e+01 2.642000e+01 2.702000e+01 2.762000e+01 2.822000e+01 2.882000e+01 2.942000e+01 3.002000e+01 3.062000e+01 3.122000e+01 3.182000e+01 3.242000e+01 3.302000e+01 3.362000e+01 3.422000e+01 3.482000e+01 3.542000e+01 3.602000e+01 3.662000e+01
7.220000e+00 7.820000e+00 8.420000e+00 9.020000e+00 9.620000e+00 1.022000e+01 1.082000e+01 1.142000e+01 1.202000e+01 1.262000e+01 1.322000e+01 1.382000e+01 1.442000e+01 1.502000e+01 1.562000e+01 1.622000e+01 1.682000e+01 1.742000e+01 1.802000e+01 1.862000e+01 1.922000e+01 1.982000e+01 2.042000e+01 2.102000e+01 2.162000e+01 2.222000e+01 2.282000e+01 2.342000e+01 2.402000e+01 2.462000e+01 2.522000e+01 2.582000e+01 2.642000e+01 2.702000e+01 2.762000e+01 2.822000e+01 2.882000e+01 2.942000e+01 3.002000e+01 3.062000e+01 3.122000e+01 3.182000e+01 3.242000e+01 3.302000e+01 3.362000e+01 3.422000e+01 3.482000e+01 3.542000e+01 3.602000e+01 3.662000e+01 3.722000e+01
7.820000e+00 8.420000e+00 9.020000e+00 9.620000e+00 1.022000e+01 1.082000e+01 1.142000e+01 1.202000e+01 1.262000e+01 1.322000e+01 1.382000e+01 1.442000e+01 1.502000e+01 1.562000e+01 1.622000e+01 1.682000e+01 1.742000e+01 1.802000e+01 1.862000e+01 1.922000e+01 1.982000e+01 2.042000e+01 2.102000e+01 2.162000e+01 2.222000e+01 2.282000e+01 2.342000e+01 2.402000e+01 2.462000e+01 2.522000e+01 2.582000e+01 2.642000e+01 2.702000e+01 2.762000e+01 2.822000e+01 2.882000e+01 2.942000e+01 3.002000e+01 3.062000e+01 3.122000e+01 3.182000e+01 3.242000e+01 3.302000e+01 3.362000e+01 3.422000e+01 3.482000e+01 3.542000e+01 3.602000e+01 3.662000e+01 3.722000e+01 3.782000e+01
8.420000e+00 9.020000e+00 9.620000e+00 1.022000e+01 1.082000e+01 1.142000e+01 1.202000e+01 1.262000e+01 1.322000e+01 1.382000e+01 1.442000e+01 1.502000e+01 1.562000e+01 1.622000e+01 1.682000e+01 1.742000e+01 1.802000e+01 1.862000e+01 1.922000e+01 1.982000e+01 2.042000e+01 2.102000e+01 2.162000e+01 2.222000e+01 2.282000e+01 2.342000e+01 2.402000e+01 2.462000e+01 2.522000e+01 2.582000e+01 2.642000e+01 2.702000e+01 2.762000e+01 2.822000e+01 2.882000e+01 2.942000e+01 3.002000e+01 3.062000e+01 3.122000e+01 3.182000e+01 3.242000e+01 3.302000e+01 3.362000e+01 3.422000e+01 3.482000e+01 3.542000e+01 3.602000e+01 3.662000e+01 3.722000e+01 3.782000e+01 3.842000e+01
9.020000e+00 9.620000e+00 1.022000e+01 1.082000e+01 1.142000e+01 1.202000e+01 1.262000e+01 1.322000e+01 1.382000e+01 1.442000e+01 1.502000e+01 1.562000e+01 1.622000e+01 1.682000e+01 1.742000e+01 1.802000e+01 1.862000e+01 1.922000e+01 1.982000e+01 2.042000e+01 2.102000e+01 2.162000e+01 2.222000e+01 2.282000e+01 2.342000e+01 2.402000e+01 2.462000e+01 2.522000e+01 2.582000e+01 2.642000e+01 2.702000e+01 2.762000e+01 2.822000e+01 2.882000e+01 2.942000e+01 3.002000e+01 3.062000e+01 3.122000e+01 3.182000e+01 3.242000e+01 3.302000e+01 3.362000e+01 3.422000e+01 3.482000e+01 3.542000e+01 3.602000e+01 3.662000e+01 3.722000e+01 3.782000e+01 3.842000e+01 3.902000e+01
9.620000e+00 1.022000e+01 1.082000e+01 1.142000e+01 1.202000e+01 1.262000e+01 1.322000e+01 1.382000e+01 1.442000e+01 1.502000e+01 1.562000e+01 1.622000e+01 1.682000e+01 1.742000e+01 1.802000e+01 1.862000e+01 1.922000e+01 1.982000e+01 2.042000e+01 2.102000e+01 2.162000e+01 2.222000e+01 2.282000e+01 2.342000e+01 2.402000e+01 2.462000e+01 2.522000e+01 2.582000e+01 2.642000e+01 2.702000e+01 2.762000e+01 2.822000e+01 2.882000e+01 2.942000e+01 3.002000e+01 3.062000e+01 3.122000e+01 3.182000e+01 3.242000e+01 3.302000e+01 3.362000e+01 3.422000e+01 3.482000e+01 3.542000e+01 3.602000e+01 3.662000e+01 3.722000e+01 3.782000e+01 3.842000e+01 3.902000e+01 3.962000e+01
1.022000e+01 1.082000e+01 1.142000e+01 1.202000e+01 1.262000e+01 1.322000e+01 1.382000e+01 1.442000e+01 1.502000e+01 1.562000e+01 1.622000e+01 1.682000e+01 1.742000e+01 1.802000e+01 1.862000e+01 1.922000e+01 1.982000e+01 2.042000e+01 2.102000e+01 2.162000e+01 2.222000e+01 2.282000e+01 2.342000e+01 2.402000e+01 2.462000e+01 2.522000e+01 2.582000e+01 2.642000e+01 2.702000e+01 2.762000e+01 2.822000e+01 2.882000e+01 2.942000e+01 3.002000e+01 3.062000e+01 3.122000e+01 3.182000e+01 3.242000e+01 3.302000e+01 3.362000e+01 3.422000e+01 3.482000e+01 3.542000e+01 3.602000e+01 3.662000e+01 3.722000e+01 3.782000e+01 3.842000e+01 3.902000e+01 3.962000e+01 4.022000e+01
1.082000e+01 1.142000e+01 1.202000e+01 1.262000e+01 1.322000e+01 1.382000e+01 1.442000e+01 1.502000e+01 1.562000e+01 1.622000e+01 1.682000e+01 1.742000e+01 1.802000e+01 1.862000e+01 1.922000e+01 1.982000e+01 2.042000e+01 2.102000e+01 2.162000e+01 2.222000e+01 2.282000e+01 2.342000e+01 2.402000e+01 2.462000e+01 2.522000e+01 2.582000e+01 2.642000e+01 2.702000e+01 2.762000e+01 2.822000e+01 2.882000e+01 2.942000e+01 3.002000e+01 3.062000e+01 3.122000e+01 3.182000e+01 3.242000e+01 3.302000e+01 3.362000e+01 3.422000e+01 3.482000e+01 3.542000e+01 3.602000e+01 3.662000e+01 3.722000e+01 3.782000e+01 3.842000e+01 3.902000e+01 3.962000e+01 4.022000e+01 4.082000e+01
1.142000e+01 1.202000e+01 1.262000e+01 1.322000e+01 1.382000e+01 1.442000e+01 1.502000e+01 1.562000e+01 1.622000e+01 1.682000e+01 1.742000e+01 1.802000e+01 1.862000e+01 1.922000e+01 1.982000e+01 2.042000e+01 2.102000e+01 2.162000e+01 2.222000e+01 2.282000e+01 2.342000e+01 2.402000e+01 2.462000e+01 2.522000e+01 2.582000e+01 2.642000e+01 2.702000e+01 2.762000e+01 2.822000e+01 2.882000e+01 2.942000e+01 3.002000e+01 3.062000e+01 3.122000e+01 3.182000e+01 3.242000e+01 3.302000e+01 3.362000e+01 3.422000e+01 3.482000e+01 3.542000e+01 3.602000e+01 3.662000e+01 3.722000e+01 3.782000e+01 3.842000e+01 3.902000e+01 3.962000e+01 4.022000e+01 4.082000e+01 4.142000e+01
1.202000e+01 1.262000e+01 1.322000e+01 1.382000e+01 1.442000e+01 1.502000e+01 1.562000e+01 1.622000e+01 1.682000e+01 1.742000e+01 1.802000e+01 1.862000e+01 1.922000e+01 1.982000e+01 2.042000e+01 2.102000e+01 2.162000e+01 2.222000e+01 2.282000e+01 2.342000e+01 2.402000e+01 2.462000e+01 2.522000e+01 2.582000e+01 2.642000e+01 2.702000e+01 2.762000e+01 2.822000e+01 2.882000e+01 2.942000e+01 3.002000e+01 3.062000e+01 3.122000e+01 3.182000e+01 3.242000e+01 3.302000e+01 3.362000e+01 3.422000e+01 3.482000e+01 3.542000e+01 3.602000e+01 3.662000e+01 3.722000e+01 3.782000e+01 3.842000e+01 3.902000e+01 3.962000e+01 4.022000e+01 4.082000e+01 4.142000e+01 4.202000e+01
1.262000e+01 1.322000e+01 1.382000e+01 1.442000e+01 1.502000e+01 1.562000e+01 1.622000e+01 1.682000e+01 1.742000e+01 1.802000e+01 1.862000e+01 1.922000e+01 1.982000e+01 2.042000e+01 2.102000e+01 2.162000e+01 2.222000e+01 2.282000e+01 2.342000e+01 2.402000e+01 2.462000e+01 2.522000e+01 2.582000e+01 2.642000e+01 2.702000e+01 2.762000e+01 2.822000e+01 2.882000e+01 2.942000e+01 3.002000e+01 3.062000e+01 3.122000e+01 3.182000e+01 3.242000e+01 3.302000e+01 3.362000e+01 3.422000e+01 3.482000e+01 3.542000e+01 3.602000e+01 3.662000e+01 3.722000e+01 3.782000e+01 3.842000e+01 3.902000e+01 3.962000e+01 4.022000e+01 4.082000e+01 4.142000e+01 4.202000e+01 4.262000e+01
1.322000e+01 1.382000e+01 1.442000e+01 1.502000e+01 1.562000e+01 1.622000e+01 1.682000e+01 1.742000e+01 1.802000e+01 1.862000e+01 1.922000e+01 1.982000e+01 2.042000e+01 2.102000e+01 2.162000e+01 2.222000e+01 2.282000e+01 2.342000e+01 2.402000e+01 2.462000e+01 2.522000e+01 2.582000e+01 2.642000e+01 2.702000e+01 2.762000e+01 2.822000e+01 2.882000e+01 2.942000e+01 3.002000e+01 3.062000e+01 3.122000e+01 3.182000e+01 3.242000e+01 3.302000e+01 3.362000e+01 3.422000e+01 3.482000e+01 3.542000e+01 3.602000e+01 3.662000e+01 3.722000e+01 3.782000e+01 3.842000e+01 3.902000e+01 3.962000e+01 4.022000e+01 4.082000e+01 4.142000e+01 4.202000e+01 4.262000e+01 4.322000e+01
1.382000e+01 1.442000e+01 1.502000e+01 1.562000e+01 1.622000e+01 1.682000e+01 1.742000e+01 1.802000e+01 1.862000e+01 1.922000e+01 1.982000e+01 2.042000e+01 2.102000e+01 2.162000e+01 2.222000e+01 2.282000e+01 2.342000e+01 2.402000e+01 2.462000e+01 2.522000e+01 2.582000e+01 2.642000e+01 2.702000e+01 2.762000e+01 2.822000e+01 2.882000e+01 2.942000e+01 3.002000e+01 3.062000e+01 3.122000e+01 3.182000e+01 3.242000e+01 3.302000e+01 3.362000e+01 3.422000e+01 3.482000e+01 3.542000e+01 3.602000e+01 3.662000e+01 3.722000e+01 3.782000e+01 3.842000e+01 3.902000e+01 3.962000e+01 4.022000e+01 4.082000e+01 4.142000e+01 4.202000e+01 4.262000e+01 4.322000e+01 4.382000e+01
