data/model 2/linear.grd
DSAA
 51 51
 -30 30
 -30 30
 2.000000e-02 6.002000e+01
[rows 24 to 47 of 51, columns 0 to 50 of 51]
1.442000e+01 1.502000e+01 1.562000e+01 1.622000e+01 1.682000e+01 1.742000e+01 1.802000e+01 1.862000e+01 1.922000e+01 1.982000e+01 2.042000e+01 2.102000e+01 2.162000e+01 2.222000e+01 2.282000e+01 2.342000e+01 2.402000e+01 2.462000e+01 2.522000e+01 2.582000e+01 2.642000e+01 2.702000e+01 2.762000e+01 2.822000e+01 2.882000e+01 2.942000e+01 3.002000e+01 3.062000e+01 3.122000e+01 3.182000e+01 3.242000e+01 3.302000e+01 3.362000e+01 3.422000e+01 3.482000e+01 3.542000e+01 3.602000e+01 3.662000e+01 3.722000e+01 3.782000e+01 3.842000e+01 3.902000e+01 3.962000e+01 4.022000e+01 4.082000e+01 4.142000e+01 4.202000e+01 4.262000e+01 4.322000e+01 4.382000e+01 4.442000e+01
1.502000e+01 1.562000e+01 1.622000e+01 1.682000e+01 1.742000e+01 1.802000e+01 1.862000e+01 1.922000e+01 1.982000e+01 2.042000e+01 2.102000e+01 2.162000e+01 2.222000e+01 2.282000e+01 2.342000e+01 2.402000e+01 2.462000e+01 2.522000e+01 2.582000e+01 2.642000e+01 2.702000e+01 2.762000e+01 2.822000e+01 2.882000e+01 2.942000e+01 3.002000e+01 3.062000e+01 3.122000e+01 3.182000e+01 3.242000e+01 3.302000e+01 3.362000e+01 3.422000e+01 3.482000e+01 3.542000e+01 3.602000e+01 3.662000e+01 3.722000e+01 3.782000e+01 3.842000e+01 3.902000e+01 3.962000e+01 4.022000e+01 4.082000e+01 4.142000e+01 4.202000e+01 4.262000e+01 4.322000e+01 4.382000e+01 4.442000e+01 4.502000e+01
1.562000e+01 1.622000e+01 1.682000e+01 1.742000e+01 1.802000e+01 1.862000e+01 1.922000e+01 1.982000e+01 2.042000e+01 2.102000e+01 2.162000e+01 2.222000e+01 2.282000e+01 2.342000e+01 2.402000e+01 2.462000e+01 2.522000e+01 2.582000e+01 2.642000e+01 2.702000e+01 2.762000e+01 2.822000e+01 2.882000e+01 2.942000e+01 3.002000e+01 3.062000e+01 3.122000e+01 3.182000e+01 3.242000e+01 3.302000e+01 3.362000e+01 3.422000e+01 3.482000e+01 3.542000e+01 3.602000e+01 3.662000e+01 3.722000e+01 3.782000e+01 3.842000e+01 3.902000e+01 3.962000e+01 4.022000e+01 4.082000e+01 4.142000e+01 4.202000e+01 4.262000e+01 4.322000e+01 4.382000e+01 4.442000e+01 4.502000e+01 4.562000e+01
1.622000e+01 1.682000e+01 1.742000e+01 1.802000e+01 1.862000e+01 1.922000e+01 1.982000e+01 2.042000e+01 2.102000e+01 2.162000e+01 2.222000e+01 2.282000e+01 2.342000e+01 2.402000e+01 2.462000e+01 2.522000e+01 2.582000e+01 2.642000e+01 2.702000e+01 2.762000e+01 2.822000e+01 2.882000e+01 2.942000e+01 3.002000e+01 3.062000e+01 3.122000e+01 3.182000e+01 3.242000e+01 3.302000e+01 3.362000e+01 3.422000e+01 3.482000e+01 3.542000e+01 3.602000e+01 3.662000e+01 3.722000e+01 3.782000e+01 3.842000e+01 3.902000e+01 3.962000e+01 4.022000e+01 4.082000e+01 4.142000e+01 4.202000e+01 4.262000e+01 4.322000e+01 4.382000e+01 4.442000e+01 4.502000e+01 4.562000e+01 4.622000e+01
1.682000e+01 1.742000e+01 1.802000e+01 1.862000e+01 1.922000e+01 1.982000e+01 2.042000e+01 2.102000e+01 2.162000e+01 2.222000e+01 2.282000e+01 2.342000e+01 2.402000e+01 2.462000e+01 2.522000e+01 2.582000e+01 2.642000e+01 2.702000e+01 2.762000e+01 2.822000e+01 2.882000e+01 2.942000e+01 3.002000e+01 3.062000e+01 3.122000e+01 3.182000e+01 3.242000e+01 3.302000e+01 3.362000e+01 3.422000e+01 3.482000e+01 3.542000e+01 3.602000e+01 3.662000e+01 3.722000e+01 3.782000e+01 3.842000e+01 3.902000e+01 3.962000e+01 4.022000e+01 4.082000e+01 4.142000e+01 4.202000e+01 4.262000e+01 4.322000e+01 4.382000e+01 4.442000e+01 4.502000e+01 4.562000e+01 4.622000e+01 4.682000e+01
1.742000e+01 1.802000e+01 1.862000e+01 1.922000e+01 1.982000e+01 2.042000e+01 2.102000e+01 2.162000e+01 2.222000e+01 2.282000e+01 2.342000e+01 2.402000e+01 2.462000e+01 2.522000e+01 2.582000e+01 2.642000e+01 2.702000e+01 2.762000e+01 2.822000e+01 2.882000e+01 2.942000e+01 3.002000e+01 3.062000e+01 3.122000e+01 3.182000e+01 3.242000e+01 3.302000e+01 3.362000e+01 3.422000e+01 3.482000e+01 3.542000e+01 3.602000e+01 3.662000e+01 3.722000e+01 3.782000e+01 3.842000e+01 3.902000e+01 3.962000e+01 4.022000e+01 4.082000e+01 4.142000e+01 4.202000e+01 4.262000e+01 4.322000e+01 4.382000e+01 4.442000e+01 4.502000e+01 4.562000e+01 4.622000e+01 4.682000e+01 4.742000e+01
1.802000e+01 1.862000e+01 1.922000e+01 1.982000e+01 2.042000e+01 2.102000e+01 2.162000e+01 2.222000e+01 2.282000e+01 2.342000e+01 2.402000e+01 2.462000e+01 2.522000e+01 2.582000e+01 2.642000e+01 2.702000e+01 2.762000e+01 2.822000e+01 2.882000e+01 2.942000e+01 3.002000e+01 3.062000e+01 3.122000e+01 3.182000e+01 3.242000e+01 3.302000e+01 3.362000e+01 3.422000e+01 3.482000e+01 3.542000e+01 3.602000e+01 3.662000e+01 3.722000e+01 3.782000e+01 3.842000e+01 3.902000e+01 3.962000e+01 4.022000e+01 4.082000e+01 4.142000e+01 4.202000e+01 4.262000e+01 4.322000e+01 4.382000e+01 4.442000e+01 4.502000e+01 4.562000e+01 4.622000e+01 4.682000e+01 4.742000e+01 4.802000e+01
1.862000e+01 1.922000e+01 1.982000e+01 2.042000e+01 2.102000e+01 2.162000e+01 2.222000e+01 2.282000e+01 2.342000e+01 2.402000e+01 2.462000e+01 2.522000e+01 2.582000e+01 2.642000e+01 2.702000e+01 2.762000e+01 2.822000e+01 2.882000e+01 2.942000e+01 3.002000e+01 3.062000e+01 3.122000e+01 3.182000e+01 3.242000e+01 3.302000e+01 3.362000e+01 3.422000e+01 3.482000e+01 3.542000e+01 3.602000e+01 3.662000e+01 3.722000e+01 3.782000e+01 3.842000e+01 3.902000e+01 3.962000e+01 4.022000e+01 4.082000e+01 4.142000e+01 4.202000e+01 4.262000e+01 4.322000e+01 4.382000e+01 4.442000e+01 4.502000e+01 4.562000e+01 4.622000e+01 4.682000e+01 4.742000e+01 4.802000e+01 4.862000e+01
1.922000e+01 1.982000e+01 2.042000e+01 2.102000e+01 2.162000e+01 2.222000e+01 2.282000e+01 2.342000e+01 2.402000e+01 2.462000e+01 2.522000e+01 2.582000e+01 2.642000e+01 2.702000e+01 2.762000e+01 2.822000e+01 2.882000e+01 2.942000e+01 3.002000e+01 3.062000e+01 3.122000e+01 3.182000e+01 3.242000e+01 3.302000e+01 3.362000e+01 3.422000e+01 3.482000e+01 3.542000e+01 3.602000e+01 3.662000e+01 3.722000e+01 3.782000e+01 3.842000e+01 3.902000e+01 3.962000e+01 4.022000e+01 4.082000e+01 4.142000e+01 4.202000e+01 4.262000e+01 4.322000e+01 4.382000e+01 4.442000e+01 4.502000e+01 4.562000e+01 4.622000e+01 4.682000e+01 4.742000e+01 4.802000e+01 4.862000e+01 4.922000e+01
1.982000e+01 2.042000e+01 2.102000e+01 2.162000e+01 2.222000e+01 2.282000e+01 2.342000e+01 2.402000e+01 2.462000e+01 2.522000e+01 2.582000e+01 2.642000e+01 2.702000e+01 2.762000e+01 2.822000e+01 2.882000e+01 2.942000e+01 3.002000e+01 3.062000e+01 3.122000e+01 3.182000e+01 3.242000e+01 3.302000e+01 3.362000e+01 3.422000e+01 3.482000e+01 3.542000e+01 3.602000e+01 3.662000e+01 3.722000e+01 3.782000e+01 3.842000e+01 3.902000e+01 3.962000e+01 4.022000e+01 4.082000e+01 4.142000e+01 4.202000e+01 4.262000e+01 4.322000e+01 4.382000e+01 4.442000e+01 4.502000e+01 4.562000e+01 4.622000e+01 4.682000e+01 4.742000e+01 4.802000e+01 4.862000e+01 4.922000e+01 4.982000e+01
2.042000e+01 2.102000e+01 2.162000e+01 2.222000e+01 2.282000e+01 2.342000e+01 2.402000e+01 2.462000e+01 2.522000e+01 2.582000e+01 2.642000e+01 2.702000e+01 2.762000e+01 2.822000e+01 2.882000e+01 2.942000e+01 3.002000e+01 3.062000e+01 3.122000e+01 3.182000e+01 3.242000e+01 3.302000e+01 3.362000e+01 3.422000e+01 3.482000e+01 3.542000e+01 3.602000e+01 3.662000e+01 3.722000e+01 3.782000e+01 3.842000e+01 3.902000e+01 3.962000e+01 4.022000e+01 4.082000e+01 4.142000e+01 4.202000e+01 4.262000e+01 4.322000e+01 4.382000e+01 4.442000e+01 4.502000e+01 4.562000e+01 4.622000e+01 4.682000e+01 4.742000e+01 4.802000e+01 4.862000e+01 4.922000e+01 4.982000e+01 5.042000e+01
2.102000e+01 2.162000e+01 2.222000e+01 2.282000e+01 2.342000e+01 2.402000e+01 2.462000e+01 2.522000e+01 2.582000e+01 2.642000e+01 2.702000e+01 2.762000e+01 2.822000e+01 2.882000e+01 2.942000e+01 3.002000e+01 3.062000e+01 3.122000e+01 3.182000e+01 3.242000e+01 3.302000e+01 3.362000e+01 3.422000e+01 3.482000e+01 3.542000e+01 3.602000e+01 3.662000e+01 3.722000e+01 3.782000e+01 3.842000e+01 3.902000e+01 3.962000e+01 4.022000e+01 4.082000e+01 4.142000e+01 4.202000e+01 4.262000e+01 4.322000e+01 4.382000e+01 4.442000e+01 4.502000e+01 4.562000e+01 4.622000e+01 4.682000e+01 4.742000e+01 4.802000e+01 4.862000e+01 4.922000e+01 4.982000e+01 5.042000e+01 5.102000e+01
2.162000e+01 2.222000e+01 2.282000e+01 2.342000e+01 2.402000e+01 2.462000e+01 2.522000e+01 2.582000e+01 2.642000e+01 2.702000e+01 2.762000e+01 2.822000e+01 2.882000e+01 2.942000e+01 3.002000e+01 3.062000e+01 3.122000e+01 3.182000e+01 3.242000e+01 3.302000e+01 3.362000e+01 3.422000e+01 3.482000e+01 3.542000e+01 3.602000e+01 3.662000e+01 3.722000e+01 3.782000e+01 3.842000e+01 3.902000e+01 3.962000e+01 4.022000e+01 4.082000e+01 4.142000e+01 4.202000e+01 4.262000e+01 4.322000e+01 4.382000e+01 4.442000e+01 4.502000e+01 4.562000e+01 4.622000e+01 4.682000e+01 4.742000e+01 4.802000e+01 4.862000e+01 4.922000e+01 4.982000e+01 5.042000e+01 5.102000e+01 5.162000e+01
2.222000e+01 2.282000e+01 2.342000e+01 2.402000e+01 2.462000e+01 2.522000e+01 2.582000e+01 2.642000e+01 2.702000e+01 2.762000e+01 2.822000e+01 2.882000e+01 2.942000e+01 3.002000e+01 3.062000e+01 3.122000e+01 3.182000e+01 3.242000e+01 3.302000e+01 3.362000e+01 3.422000e+01 3.482000e+01 3.542000e+01 3.602000e+01 3.662000e+01 3.722000e+01 3.782000e+01 3.842000e+01 3.902000e+01 3.962000e+01 4.022000e+01 4.082000e+01 4.142000e+01 4.202000e+01 4.262000e+01 4.322000e+01 4.382000e+01 4.442000e+01 4.502000e+01 4.562000e+01 4.622000e+01 4.682000e+01 4.742000e+01 4.802000e+01 4.862000e+01 4.922000e+01 4.982000e+01 5.042000e+01 5.102000e+01 5.162000e+01 5.222000e+01
2.282000e+01 2.342000e+01 2.402000e+01 2.462000e+01 2.522000e+01 2.582000e+01 2.642000e+01 2.702000e+01 2.762000e+01 2.822000e+01 2.882000e+01 2.942000e+01 3.002000e+01 3.062000e+01 3.122000e+01 3.182000e+01 3.242000e+01 3.302000e+01 3.362000e+01 3.422000e+01 3.482000e+01 3.542000e+01 3.602000e+01 3.662000e+01 3.722000e+01 3.782000e+01 3.842000e+01 3.902000e+01 3.962000e+01 4.022000e+01 4.082000e+01 4.142000e+01 4.202000e+01 4.262000e+01 4.322000e+01 4.382000e+01 4.442000e+01 4.502000e+01 4.562000e+01 4.622000e+01 4.682000e+01 4.742000e+01 4.802000e+01 4.862000e+01 4.922000e+01 4.982000e+01 5.042000e+01 5.102000e+01 5.162000e+01 5.222000e+01 5.282000e+01
2.342000e+01 2.402000e+01 2.462000e+01 2.522000e+01 2.582000e+01 2.642000e+01 2.702000e+01 2.762000e+01 2.822000e+01 2.882000e+01 2.942000e+01 3.002000e+01 3.062000e+01 3.122000e+01 3.182000e+01 3.242000e+01 3.302000e+01 3.362000e+01 3.422000e+01 3.482000e+01 3.542000e+01 3.602000e+01 3.662000e+01 3.722000e+01 3.782000e+01 3.842000e+01 3.902000e+01 3.962000e+01 4.022000e+01 4.082000e+01 4.142000e+01 4.202000e+01 4.262000e+01 4.322000e+01 4.382000e+01 4.442000e+01 4.502000e+01 4.562000e+01 4.622000e+01 4.682000e+01 4.742000e+01 4.802000e+01 4.862000e+01 4.922000e+01 4.982000e+01 5.042000e+01 5.102000e+01 5.162000e+01 5.222000e+01 5.282000e+01 5.342000e+01
2.402000e+01 2.462000e+01 2.522000e+01 2.582000e+01 2.642000e+01 2.702000e+01 2.762000e+01 2.822000e+01 2.882000e+01 2.942000e+01 3.002000e+01 3.062000e+01 3.122000e+01 3.182000e+01 3.242000e+01 3.302000e+01 3.362000e+01 3.422000e+01 3.482000e+01 3.542000e+01 3.602000e+01 3.662000e+01 3.722000e+01 3.782000e+01 3.842000e+01 3.902000e+01 3.962000e+01 4.022000e+01 4.082000e+01 4.142000e+01 4.202000e+01 4.262000e+01 4.322000e+01 4.382000e+01 4.442000e+01 4.502000e+01 4.562000e+01 4.622000e+01 4.682000e+01 4.742000e+01 4.802000e+01 4.862000e+01 4.922000e+01 4.982000e+01 5.042000e+01 5.102000e+01 5.162000e+01 5.222000e+01 5.282000e+01 5.342000e+01 5.402000e+01
2.462000e+01 2.522000e+01 2.582000e+01 2.642000e+01 2.702000e+01 2.762000e+01 2.822000e+01 2.882000e+01 2.942000e+01 3.002000e+01 3.062000e+01 3.122000e+01 3.182000e+01 3.242000e+01 3.302000e+01 3.362000e+01 3.422000e+01 3.482000e+01 3.542000e+01 3.602000e+01 3.662000e+01 3.722000e+01 3.782000e+01 3.842000e+01 3.902000e+01 3.962000e+01 4.022000e+01 4.082000e+01 4.142000e+01 4.202000e+01 4.262000e+01 4.322000e+01 4.382000e+01 4.442000e+01 4.502000e+01 4.562000e+01 4.622000e+01 4.682000e+01 4.742000e+01 4.802000e+01 4.862000e+01 4.922000e+01 4.982000e+01 5.042000e+01 5.102000e+01 5.162000e+01 5.222000e+01 5.282000e+01 5.342000e+01 5.402000e+01 5.462000e+01
2.522000e+01 2.582000e+01 2.642000e+01 2.702000e+01 2.762000e+01 2.822000e+01 2.882000e+01 2.942000e+01 3.002000e+01 3.062000e+01 3.122000e+01 3.182000e+01 3.242000e+01 3.302000e+01 3.362000e+01 3.422000e+01 3.482000e+01 3.542000e+01 3.602000e+01 3.662000e+01 3.722000e+01 3.782000e+01 3.842000e+01 3.902000e+01 3.962000e+01 4.022000e+01 4.082000e+01 4.142000e+01 4.202000e+01 4.262000e+01 4.322000e+01 4.382000e+01 4.442000e+01 4.502000e+01 4.562000e+01 4.622000e+01 4.682000e+01 4.742000e+01 4.802000e+01 4.862000e+01 4.922000e+01 4.982000e+01 5.042000e+01 5.102000e+01 5.162000e+01 5.222000e+01 5.282000e+01 5.342000e+01 5.402000e+01 5.462000e+01 5.522000e+01
2.582000e+01 2.642000e+01 2.702000e+01 2.762000e+01 2.822000e+01 2.882000e+01 2.942000e+01 3.002000e+01 3.062000e+01 3.122000e+01 3.182000e+01 3.242000e+01 3.302000e+01 3.362000e+01 3.422000e+01 3.482000e+01 3.542000e+01 3.602000e+01 3.662000e+01 3.722000e+01 3.782000e+01 3.842000e+01 3.902000e+01 3.962000e+01 4.022000e+01 4.082000e+01 4.142000e+01 4.202000e+01 4.262000e+01 4.322000e+01 4.382000e+01 4.442000e+01 4.502000e+01 4.562000e+01 4.622000e+01 4.682000e+01 4.742000e+01 4.802000e+01 4.862000e+01 4.922000e+01 4.982000e+01 5.042000e+01 5.102000e+01 5.162000e+01 5.222000e+01 5.282000e+01 5.342000e+01 5.402000e+01 5.462000e+01 5.522000e+01 5.582000e+01
2.642000e+01 2.702000e+01 2.762000e+01 2.822000e+01 2.882000e+01 2.942000e+01 3.002000e+01 3.062000e+01 3.122000e+01 3.182000e+01 3.242000e+01 3.302000e+01 3.362000e+01 3.422000e+01 3.482000e+01 3.542000e+01 3.602000e+01 3.662000e+01 3.722000e+01 3.782000e+01 3.842000e+01 3.902000e+01 3.962000e+01 4.022000e+01 4.082000e+01 4.142000e+01 4.202000e+01 4.262000e+01 4.322000e+01 4.382000e+01 4.442000e+01 4.502000e+01 4.562000e+01 4.622000e+01 4.682000e+01 4.742000e+01 4.802000e+01 4.862000e+01 4.922000e+01 4.982000e+01 5.042000e+01 5.102000e+01 5.162000e+01 5.222000e+01 5.282000e+01 5.342000e+01 5.402000e+01 5.462000e+01 5.522000e+01 5.582000e+01 5.642000e+01
2.702000e+01 2.762000e+01 2.822000e+01 2.882000e+01 2.942000e+01 3.002000e+01 3.062000e+01 3.122000e+01 3.182000e+01 3.242000e+01 3.302000e+01 3.362000e+01 3.422000e+01 3.482000e+01 3.542000e+01 3.602000e+01 3.662000e+01 3.722000e+01 3.782000e+01 3.842000e+01 3.902000e+01 3.962000e+01 4.022000e+01 4.082000e+01 4.142000e+01 4.202000e+01 4.262000e+01 4.322000e+01 4.382000e+01 4.442000e+01 4.502000e+01 4.562000e+01 4.622000e+01 4.682000e+01 4.742000e+01 4.802000e+01 4.862000e+01 4.922000e+01 4.982000e+01 5.042000e+01 5.102000e+01 5.162000e+01 5.222000e+01 5.282000e+01 5.342000e+01 5.402000e+01 5.462000e+01 5.522000e+01 5.582000e+01 5.642000e+01 5.702000e+01
2.762000e+01 2.822000e+01 2.882000e+01 2.942000e+01 3.002000e+01 3.062000e+01 3.122000e+01 3.182000e+01 3.242000e+01 3.302000e+01 3.362000e+01 3.422000e+01 3.482000e+01 3.542000e+01 3.602000e+01 3.662000e+01 3.722000e+01 3.782000e+01 3.842000e+01 3.902000e+01 3.962000e+01 4.022000e+01 4.082000e+01 4.142000e+01 4.202000e+01 4.262000e+01 4.322000e+01 4.382000e+01 4.442000e+01 4.502000e+01 4.562000e+01 4.622000e+01 4.682000e+01 4.742000e+01 4.802000e+01 4.862000e+01 4.922000e+01 4.982000e+01 5.042000e+01 5.102000e+01 5.162000e+01 5.222000e+01 5.282000e+01 5.342000e+01 5.402000e+01 5.462000e+01 5.522000e+01 5.582000e+01 5.642000e+01 5.702000e+01 5.762000e+01
2.822000e+01 2.882000e+01 2.942000e+01 3.002000e+01 3.062000e+01 3.122000e+01 3.182000e+01 3.242000e+01 3.302000e+01 3.362000e+01 3.422000e+01 3.482000e+01 3.542000e+01 3.602000e+01 3.662000e+01 3.722000e+01 3.782000e+01 3.842000e+01 3.902000e+01 3.962000e+01 4.022000e+01 4.082000e+01 4.142000e+01 4.202000e+01 4.262000e+01 4.322000e+01 4.382000e+01 4.442000e+01 4.502000e+01 4.562000e+01 4.622000e+01 4.682000e+01 4.742000e+01 4.802000e+01 4.862000e+01 4.922000e+01 4.982000e+01 5.042000e+01 5.102000e+01 5.162000e+01 5.222000e+01 5.282000e+01 5.342000e+01 5.402000e+01 5.462000e+01 5.522000e+01 5.582000e+01 5.642000e+01 5.702000e+01 5.762000e+01 5.822000e+01
