data/model 2/T+linear+noise.grd
DSAA
 51 51
 -30 30
 -30 30
 -1.790009e-01 7.357782e+01
[rows 24 to 47 of 51, columns 0 to 50 of 51]
1.518900e+01 1.565755e+01 1.590136e+01 1.751472e+01 1.782535e+01 1.889373e+01 1.954316e+01 2.032593e+01 2.169701e+01 2.261842e+01 2.423887e+01 2.528623e+01 2.766935e+01 3.016516e+01 3.238452e+01 3.687137e+01 4.290466e+01 4.934233e+01 5.621343e+01 6.061818e+01 6.367143e+01 6.620717e+01 6.794591e+01 6.944625e+01 7.066689e+01 7.145608e+01 7.159051e+01 7.209197e+01 7.165063e+01 7.143737e+01 6.973322e+01 6.798024e+01 6.422857e+01 5.900666e+01 5.359980e+01 4.852487e+01 4.556083e+01 4.413864e+01 4.299936e+01 4.232042e+01 4.199470e+01 4.175039e+01 4.173952e+01 4.170854e+01 4.240605e+01 4.281826e+01 4.330719e+01 4.401533e+01 4.411995e+01 4.506774e+01 4.501699e+01
1.537897e+01 1.635607e+01 1.651856e+01 1.767259e+01 1.835050e+01 1.934287e+01 2.037578e+01 2.141066e+01 2.204219e+01 2.314878e+01 2.472843e+01 2.620558e+01 2.758407e+01 3.012462e+01 3.325517e+01 3.753175e+01 4.357370e+01 5.019093e+01 5.650333e+01 6.132637e+01 6.501005e+01 6.757016e+01 6.918454e+01 7.022049e+01 7.095278e+01 7.186846e+01 7.245798e+01 7.247487e+01 7.273201e+01 7.225303e+01 7.086326e+01 6.799589e+01 6.484329e+01 6.003117e+01 5.418828e+01 4.965046e+01 4.669731e+01 4.486724e+01 4.370467e+01 4.262268e+01 4.257149e+01 4.234252e+01 4.282143e+01 4.292967e+01 4.303947e+01 4.343237e+01 4.442141e+01 4.430733e+01 4.452902e+01 4.533041e+01 4.553111e+01
1.638340e+01 1.700455e+01 1.753124e+01 1.861238e+01 1.948976e+01 2.029065e+01 2.059358e+01 2.165518e+01 2.288791e+01 2.348799e+01 2.514993e+01 2.667779e+01 2.862804e+01 3.087302e+01 3.428913e+01 3.808621e+01 4.392633e+01 5.137824e+01 5.720845e+01 6.149418e+01 6.513454e+01 6.763569e+01 6.904398e+01 7.119997e+01 7.211635e+01 7.228705e+01 7.324376e+01 7.347924e+01 7.294232e+01 7.252695e+01 7.110670e+01 6.909330e+01 6.537527e+01 6.025518e+01 5.493733e+01 5.046335e+01 4.722802e+01 4.516499e+01 4.426216e+01 4.373388e+01 4.320255e+01 4.294817e+01 4.302022e+01 4.360610e+01 4.348044e+01 4.351736e+01 4.449339e+01 4.487836e+01 4.542851e+01 4.579421e+01 4.594847e+01
1.699499e+01 1.746808e+01 1.808859e+01 1.857268e+01 1.964759e+01 2.069649e+01 2.099493e+01 2.282880e+01 2.346610e+01 2.487165e+01 2.550955e+01 2.707831e+01 2.870113e+01 3.132419e+01 3.487337e+01 3.833033e+01 4.427118e+01 5.128975e+01 5.706659e+01 6.221767e+01 6.547457e+01 6.780756e+01 7.006120e+01 7.060197e+01 7.200982e+01 7.258264e+01 7.357782e+01 7.357388e+01 7.296426e+01 7.265793e+01 7.120022e+01 6.923899e+01 6.585104e+01 6.103288e+01 5.484722e+01 5.097960e+01 4.692309e+01 4.566023e+01 4.430897e+01 4.418509e+01 4.351265e+01 4.335667e+01 4.360093e+01 4.401996e+01 4.440086e+01 4.421538e+01 4.487444e+01 4.579623e+01 4.592109e+01 4.661564e+01 4.711885e+01
1.765924e+01 1.788837e+01 1.871440e+01 1.962374e+01 2.063442e+01 2.141968e+01 2.232833e+01 2.351488e+01 2.424196e+01 2.469959e+01 2.626543e+01 2.765147e+01 2.988447e+01 3.140729e+01 3.452694e+01 3.913845e+01 4.409447e+01 5.079797e+01 5.739835e+01 6.237459e+01 6.549383e+01 6.820441e+01 6.966879e+01 7.043370e+01 7.147613e+01 7.239085e+01 7.337004e+01 7.302041e+01 7.293058e+01 7.251524e+01 7.119833e+01 6.950085e+01 6.576532e+01 6.096403e+01 5.543104e+01 5.115239e+01 4.807804e+01 4.632302e+01 4.476715e+01 4.466717e+01 4.410211e+01 4.437635e+01 4.455114e+01 4.456918e+01 4.456713e+01 4.481920e+01 4.524297e+01 4.577974e+01 4.615473e+01 4.735545e+01 4.736322e+01
1.806205e+01 1.848447e+01 1.959371e+01 1.997646e+01 2.107278e+01 2.216710e+01 2.249043e+01 2.341210e+01 2.477457e+01 2.552731e+01 2.683163e+01 2.849009e+01 3.009981e+01 3.204478e+01 3.473487e+01 3.882810e+01 4.475638e+01 5.108009e+01 5.749323e+01 6.192297e+01 6.514186e+01 6.688580e+01 6.928870e+01 7.035802e+01 7.076725e+01 7.185480e+01 7.231343e+01 7.322451e+01 7.241133e+01 7.174307e+01 7.078156e+01 6.881180e+01 6.583719e+01 6.100750e+01 5.534695e+01 5.135501e+01 4.848647e+01 4.628744e+01 4.531829e+01 4.537733e+01 4.519628e+01 4.483709e+01 4.475125e+01 4.457355e+01 4.546785e+01 4.609412e+01 4.621494e+01 4.673531e+01 4.719073e+01 4.752488e+01 4.766632e+01
1.886454e+01 1.920998e+01 2.034873e+01 2.059715e+01 2.157149e+01 2.290005e+01 2.317660e+01 2.392861e+01 2.481208e+01 2.618470e+01 2.710782e+01 2.868817e+01 3.018554e+01 3.238137e+01 3.501622e+01 3.852417e+01 4.403590e+01 5.085552e+01 5.663245e+01 6.063760e+01 6.365533e+01 6.591719e+01 6.744342e+01 6.898340e+01 6.959950e+01 7.064701e+01 7.108259e+01 7.155109e+01 7.125801e+01 7.057672e+01 7.004648e+01 6.822560e+01 6.519317e+01 6.022985e+01 5.501206e+01 5.093607e+01 4.833933e+01 4.701556e+01 4.544737e+01 4.535865e+01 4.512627e+01 4.531164e+01 4.564722e+01 4.540026e+01 4.586037e+01 4.625067e+01 4.649099e+01 4.671111e+01 4.778784e+01 4.799134e+01 4.853774e+01
1.905441e+01 1.961855e+01 2.069061e+01 2.160656e+01 2.214997e+01 2.301727e+01 2.345561e+01 2.455758e+01 2.539634e+01 2.589981e+01 2.763956e+01 2.870179e+01 3.071412e+01 3.294936e+01 3.526207e+01 3.877023e+01 4.359821e+01 4.980485e+01 5.531092e+01 5.915883e+01 6.203834e+01 6.429848e+01 6.565902e+01 6.689178e+01 6.754791e+01 6.835139e+01 6.877087e+01 6.911479e+01 6.864403e+01 6.868071e+01 6.750522e+01 6.650185e+01 6.426040e+01 5.904736e+01 5.441978e+01 5.082668e+01 4.874199e+01 4.675409e+01 4.589267e+01 4.639354e+01 4.581692e+01 4.552439e+01 4.571089e+01 4.667293e+01 4.639705e+01 4.682520e+01 4.718903e+01 4.761402e+01 4.828885e+01 4.844844e+01 4.914750e+01
1.968021e+01 2.081717e+01 2.145509e+01 2.172766e+01 2.244372e+01 2.294068e+01 2.379848e+01 2.525774e+01 2.598653e+01 2.681245e+01 2.819742e+01 2.920660e+01 3.039305e+01 3.267855e+01 3.488004e+01 3.801841e+01 4.278624e+01 4.758751e+01 5.302787e+01 5.614471e+01 5.925599e+01 6.066593e+01 6.244036e+01 6.369486e+01 6.405729e+01 6.485914e+01 6.546811e+01 6.602441e+01 6.583073e+01 6.551291e+01 6.502374e+01 6.335151e+01 6.170577e+01 5.735287e+01 5.312188e+01 5.035655e+01 4.831238e+01 4.712709e+01 4.616627e+01 4.583504e+01 4.562479e+01 4.598547e+01 4.629388e+01 4.684861e+01 4.726371e+01 4.735259e+01 4.724919e+01 4.825194e+01 4.896039e+01 4.896214e+01 4.976734e+01
2.036685e+01 2.135558e+01 2.167174e+01 2.250211e+01 2.302150e+01 2.398938e+01 2.441090e+01 2.552711e+01 2.670590e+01 2.703046e+01 2.832204e+01 2.957548e+01 3.069486e+01 3.297839e+01 3.454176e+01 3.696302e+01 4.078878e+01 4.555634e+01 4.974548e+01 5.210813e+01 5.409048e+01 5.581462e+01 5.747381e+01 5.851239e+01 5.932154e+01 5.963201e+01 6.070821e+01 6.051091e+01 6.095430e+01 6.121040e+01 6.017440e+01 5.988132e+01 5.764195e+01 5.513467e+01 5.163352e+01 4.961225e+01 4.806209e+01 4.665194e+01 4.636619e+01 4.624238e+01 4.621071e+01 4.633802e+01 4.708978e+01 4.620653e+01 4.745209e+01 4.815750e+01 4.860609e+01 4.930020e+01 4.895646e+01 4.994693e+01 5.034899e+01
2.076021e+01 2.138089e+01 2.243440e+01 2.326355e+01 2.375907e+01 2.438967e+01 2.514586e+01 2.585836e+01 2.709483e+01 2.752872e+01 2.878218e+01 2.994303e+01 3.103246e+01 3.276156e+01 3.446258e+01 3.666924e+01 3.878900e+01 4.212412e+01 4.534259e+01 4.739134e+01 4.868106e+01 5.121193e+01 5.156596e+01 5.304570e+01 5.296068e+01 5.420226e+01 5.466047e+01 5.478038e+01 5.543787e+01 5.570266e+01 5.499066e+01 5.453411e+01 5.325372e+01 5.195361e+01 5.043921e+01 4.842830e+01 4.741889e+01 4.693981e+01 4.700934e+01 4.639906e+01 4.728637e+01 4.655607e+01 4.707189e+01 4.764658e+01 4.805216e+01 4.842214e+01 4.946332e+01 4.919511e+01 4.997003e+01 5.051693e+01 5.102251e+01
2.157851e+01 2.181582e+01 2.283337e+01 2.364314e+01 2.456196e+01 2.466325e+01 2.568203e+01 2.672028e+01 2.740369e+01 2.861553e+01 2.927354e+01 3.039364e+01 3.146036e+01 3.271443e+01 3.390575e+01 3.598053e+01 3.716127e+01 3.963950e+01 4.164606e+01 4.303894e+01 4.481953e+01 4.630385e+01 4.731301e+01 4.808556e+01 4.937403e+01 4.948719e+01 5.026685e+01 5.073989e+01 5.103324e+01 5.121034e+01 5.112702e+01 5.051130e+01 4.993780e+01 4.961625e+01 4.861390e+01 4.767199e+01 4.740490e+01 4.667067e+01 4.622318e+01 4.697100e+01 4.705222e+01 4.744708e+01 4.744309e+01 4.832255e+01 4.877546e+01 4.928674e+01 4.896498e+01 4.948854e+01 5.080975e+01 5.105840e+01 5.161411e+01
2.197461e+01 2.289087e+01 2.339126e+01 2.391103e+01 2.475627e+01 2.518320e+01 2.648152e+01 2.707626e+01 2.752788e+01 2.872034e+01 2.914081e+01 3.064358e+01 3.131588e+01 3.290593e+01 3.424087e+01 3.558144e+01 3.653680e+01 3.819149e+01 3.955682e+01 4.127854e+01 4.192513e+01 4.356843e+01 4.418978e+01 4.487880e+01 4.584353e+01 4.606982e+01 4.750003e+01 4.762041e+01 4.792750e+01 4.852587e+01 4.824671e+01 4.835153e+01 4.863048e+01 4.778500e+01 4.781594e+01 4.696514e+01 4.710040e+01 4.691644e+01 4.724813e+01 4.697142e+01 4.725984e+01 4.773435e+01 4.782232e+01 4.883330e+01 4.893717e+01 4.952890e+01 4.986672e+01 5.032857e+01 5.127064e+01 5.170256e+01 5.205804e+01
2.318565e+01 2.314636e+01 2.381344e+01 2.472151e+01 2.540550e+01 2.606040e+01 2.685655e+01 2.791384e+01 2.834090e+01 2.891053e+01 3.000638e+01 3.088161e+01 3.204384e+01 3.275529e+01 3.396722e+01 3.501443e+01 3.623303e+01 3.721900e+01 3.822432e+01 3.993367e+01 4.094965e+01 4.145846e+01 4.260643e+01 4.356770e+01 4.390483e+01 4.491556e+01 4.504989e+01 4.617134e+01 4.622778e+01 4.596240e+01 4.685239e+01 4.674985e+01 4.718790e+01 4.695805e+01 4.683316e+01 4.682284e+01 4.691203e+01 4.727529e+01 4.713030e+01 4.797456e+01 4.818387e+01 4.842729e+01 4.917245e+01 4.898798e+01 4.986174e+01 5.002493e+01 5.055064e+01 5.124852e+01 5.139977e+01 5.178660e+01 5.278895e+01
2.327025e+01 2.374867e+01 2.471922e+01 2.525077e+01 2.565801e+01 2.699390e+01 2.730267e+01 2.803697e+01 2.857847e+01 2.977995e+01 2.984832e+01 3.134640e+01 3.242080e+01 3.297673e+01 3.371734e+01 3.539377e+01 3.583425e+01 3.695708e+01 3.750731e+01 3.886347e+01 3.993131e+01 4.093188e+01 4.152651e+01 4.256978e+01 4.327098e+01 4.370562e+01 4.349855e+01 4.457233e+01 4.521987e+01 4.578853e+01 4.588920e+01 4.626490e+01 4.595807e+01 4.654305e+01 4.723920e+01 4.691409e+01 4.704000e+01 4.712929e+01 4.806349e+01 4.830307e+01 4.824426e+01 4.849015e+01 4.928159e+01 4.964321e+01 5.061942e+01 5.025001e+01 5.129445e+01 5.138578e+01 5.224509e+01 5.294068e+01 5.347170e+01
2.427902e+01 2.437605e+01 2.501635e+01 2.584636e+01 2.662737e+01 2.729320e+01 2.813229e+01 2.888028e+01 2.906003e+01 2.992164e+01 3.076931e+01 3.168700e+01 3.228426e+01 3.314521e+01 3.370339e+01 3.506639e+01 3.566992e+01 3.664301e+01 3.745404e+01 3.863488e+01 3.951696e+01 4.047469e+01 4.094757e+01 4.189602e+01 4.241039e+01 4.277572e+01 4.346604e+01 4.399674e+01 4.412124e+01 4.488151e+01 4.482750e+01 4.560333e+01 4.556023e+01 4.616095e+01 4.648667e+01 4.717850e+01 4.716118e+01 4.780577e+01 4.814302e+01 4.850144e+01 4.861056e+01 4.920930e+01 4.942775e+01 4.994813e+01 5.027193e+01 5.158314e+01 5.168932e+01 5.211387e+01 5.251886e+01 5.367209e+01 5.383649e+01
2.422853e+01 2.515609e+01 2.584759e+01 2.650477e+01 2.711775e+01 2.791514e+01 2.835598e+01 2.907289e+01 2.985165e+01 3.045962e+01 3.122439e+01 3.208171e+01 3.273641e+01 3.304498e+01 3.425736e+01 3.500127e+01 3.611491e+01 3.710125e+01 3.784381e+01 3.840413e+01 3.929650e+01 4.007558e+01 4.031381e+01 4.131259e+01 4.182377e+01 4.258462e+01 4.282593e+01 4.339144e+01 4.398794e+01 4.449289e+01 4.497879e+01 4.531470e+01 4.609174e+01 4.660921e+01 4.708569e+01 4.679203e+01 4.758776e+01 4.768719e+01 4.818056e+01 4.901457e+01 4.929224e+01 4.974185e+01 5.031003e+01 5.053472e+01 5.118792e+01 5.174806e+01 5.209956e+01 5.234091e+01 5.323511e+01 5.400860e+01 5.449190e+01
2.476601e+01 2.594296e+01 2.619152e+01 2.668017e+01 2.756223e+01 2.774607e+01 2.892635e+01 2.981579e+01 3.010246e+01 3.083442e+01 3.139668e+01 3.283683e+01 3.314147e+01 3.400928e+01 3.451507e+01 3.522386e+01 3.627351e+01 3.678583e+01 3.804498e+01 3.852329e+01 3.914100e+01 4.002238e+01 4.028970e+01 4.125145e+01 4.207513e+01 4.229775e+01 4.335855e+01 4.374120e+01 4.437594e+01 4.501827e+01 4.531068e+01 4.589924e+01 4.593372e+01 4.638847e+01 4.700083e+01 4.701653e+01 4.771840e+01 4.813312e+01 4.919441e+01 4.920430e+01 4.972343e+01 5.016407e+01 5.036197e+01 5.153543e+01 5.184029e+01 5.193897e+01 5.280311e+01 5.327518e+01 5.363504e+01 5.386758e+01 5.549123e+01
2.542208e+01 2.640648e+01 2.674050e+01 2.738568e+01 2.803415e+01 2.901807e+01 2.978047e+01 3.028389e+01 3.065654e+01 3.158033e+01 3.235857e+01 3.281298e+01 3.373843e+01 3.436410e+01 3.475053e+01 3.512975e+01 3.674706e+01 3.710203e+01 3.764272e+01 3.820789e+01 3.962901e+01 3.981320e+01 4.079075e+01 4.133683e+01 4.173840e+01 4.222083e+01 4.351376e+01 4.351939e+01 4.450634e+01 4.477012e+01 4.568045e+01 4.619434e+01 4.652594e+01 4.667674e+01 4.747823e+01 4.784140e+01 4.829871e+01 4.842293e+01 4.920636e+01 4.986798e+01 4.997852e+01 5.067838e+01 5.109518e+01 5.143258e+01 5.185475e+01 5.317225e+01 5.351351e+01 5.399524e+01 5.405703e+01 5.511913e+01 5.544090e+01
2.624151e+01 2.662635e+01 2.744182e+01 2.797980e+01 2.914729e+01 2.980296e+01 3.030732e+01 3.099764e+01 3.135997e+01 3.178130e+01 3.267831e+01 3.286567e+01 3.418135e+01 3.471433e+01 3.560062e+01 3.611585e+01 3.701229e+01 3.768976e+01 3.827212e+01 3.874934e+01 3.949347e+01 3.991046e+01 4.060699e+01 4.157132e+01 4.217573e+01 4.309447e+01 4.326281e+01 4.384477e+01 4.464453e+01 4.503180e+01 4.540486e+01 4.599421e+01 4.643955e+01 4.679931e+01 4.724121e+01 4.804274e+01 4.854991e+01 4.902805e+01 4.932758e+01 5.053714e+01 5.045864e+01 5.103093e+01 5.194571e+01 5.261239e+01 5.271451e+01 5.317770e+01 5.379493e+01 5.460903e+01 5.475066e+01 5.601822e+01 5.631171e+01
2.694499e+01 2.750364e+01 2.777117e+01 2.852166e+01 2.938538e+01 3.000443e+01 3.090637e+01 3.107468e+01 3.167541e+01 3.260244e+01 3.348087e+01 3.394865e+01 3.506528e+01 3.529036e+01 3.582377e+01 3.614575e+01 3.712765e+01 3.802770e+01 3.836040e+01 3.947940e+01 3.985617e+01 4.016749e+01 4.130377e+01 4.180678e+01 4.199288e+01 4.268749e+01 4.387597e+01 4.437031e+01 4.514909e+01 4.580447e+01 4.623710e+01 4.612440e+01 4.763673e+01 4.764333e+01 4.769612e+01 4.814230e+01 4.887009e+01 4.977594e+01 5.016468e+01 5.120575e+01 5.122014e+01 5.141908e+01 5.257458e+01 5.266876e+01 5.339039e+01 5.405571e+01 5.467068e+01 5.521759e+01 5.558910e+01 5.584082e+01 5.675710e+01
2.720069e+01 2.779334e+01 2.867430e+01 2.898461e+01 2.972788e+01 3.022763e+01 3.128079e+01 3.226588e+01 3.245954e+01 3.272508e+01 3.351844e+01 3.452194e+01 3.539873e+01 3.582819e+01 3.589970e+01 3.703886e+01 3.800795e+01 3.791000e+01 3.920522e+01 3.971694e+01 4.008100e+01 4.103801e+01 4.161377e+01 4.223697e+01 4.276110e+01 4.351675e+01 4.406967e+01 4.442696e+01 4.527231e+01 4.569012e+01 4.626717e+01 4.678681e+01 4.706480e+01 4.803080e+01 4.853283e+01 4.924140e+01 4.940620e+01 5.004443e+01 5.044667e+01 5.165556e+01 5.173102e+01 5.219915e+01 5.301498e+01 5.331733e+01 5.384573e+01 5.484630e+01 5.503169e+01 5.533211e+01 5.614359e+01 5.666505e+01 5.739293e+01
2.780730e+01 2.826716e+01 2.902844e+01 2.960359e+01 3.070275e+01 3.162756e+01 3.098732e+01 3.226974e+01 3.324599e+01 3.338266e+01 3.438537e+01 3.492783e+01 3.551261e+01 3.639982e+01 3.664114e+01 3.724278e+01 3.762105e+01 3.934541e+01 3.956155e+01 3.990144e+01 4.071079e+01 4.153177e+01 4.244441e+01 4.252803e+01 4.294362e+01 4.393082e+01 4.439381e+01 4.478214e+01 4.576795e+01 4.650558e+01 4.679450e+01 4.777016e+01 4.768778e+01 4.842771e+01 4.882809e+01 4.946250e+01 5.032518e+01 5.068907e+01 5.143449e+01 5.169723e+01 5.253420e+01 5.308421e+01 5.318131e+01 5.391402e+01 5.461167e+01 5.512978e+01 5.566339e+01 5.596076e+01 5.675727e+01 5.753306e+01 5.770935e+01
2.821896e+01 2.928848e+01 2.957794e+01 3.069452e+01 3.101914e+01 3.194237e+01 3.261833e+01 3.299410e+01 3.359327e+01 3.391968e+01 3.475647e+01 3.548978e+01 3.621728e+01 3.681151e+01 3.717847e+01 3.775059e+01 3.838953e+01 3.906672e+01 3.972484e+01 3.987628e+01 4.129982e+01 4.128352e+01 4.198522e+01 4.329195e+01 4.358795e+01 4.394002e+01 4.482575e+01 4.529385e+01 4.621602e+01 4.603298e+01 4.708257e+01 4.804405e+01 4.867341e+01 4.871376e+01 4.942340e+01 4.995084e+01 5.022109e+01 5.125996e+01 5.191979e+01 5.219241e+01 5.321693e+01 5.324528e+01 5.393316e+01 5.458587e+01 5.506395e+01 5.551077e+01 5.600816e+01 5.677661e+01 5.729130e+01 5.824887e+01 5.862654e+01
