data/model 2/T+linear+noise.grd
DSAA
 51 51
 -30 30
 -30 30
 -1.790009e-01 7.357782e+01
[rows 0 to 23 of 51, columns 0 to 50 of 51]
-1.790009e-01 6.774161e-01 1.480463e+00 2.089382e+00 2.645844e+00 3.603244e+00 3.467079e+00 4.644140e+00 5.577796e+00 5.731754e+00 6.569705e+00 6.773880e+00 7.802953e+00 8.418401e+00 9.212693e+00 1.000657e+01 1.043688e+01 1.058582e+01 1.184757e+01 1.189464e+01 1.278438e+01 1.349371e+01 1.363220e+01 1.471361e+01 1.532109e+01 1.528599e+01 1.647667e+01 1.705135e+01 1.772312e+01 1.782625e+01 1.862272e+01 1.917240e+01 1.972926e+01 2.066770e+01 2.091080e+01 2.152568e+01 2.199552e+01 2.251095e+01 2.349902e+01 2.348004e+01 2.365476e+01 2.559263e+01 2.589322e+01 2.608725e+01 2.617834e+01 2.723570e+01 2.774855e+01 2.841087e+01 2.903166e+01 2.946943e+01 3.035027e+01
1.082450e+00 1.575865e+00 1.957418e+00 3.195624e+00 3.316618e+00 4.654536e+00 4.418422e+00 5.304273e+00 5.674254e+00 6.344548e+00 6.591345e+00 8.066125e+00 8.458421e+00 8.713441e+00 9.759521e+00 1.037843e+01 1.120059e+01 1.174031e+01 1.239585e+01 1.274965e+01 1.315875e+01 1.409443e+01 1.471372e+01 1.522789e+01 1.563673e+01 1.655043e+01 1.717958e+01 1.758252e+01 1.817165e+01 1.886193e+01 1.954772e+01 2.011798e+01 2.069924e+01 2.049817e+01 2.150290e+01 2.198353e+01 2.277656e+01 2.316538e+01 2.375325e+01 2.421992e+01 2.480908e+01 2.574769e+01 2.640344e+01 2.685688e+01 2.744616e+01 2.816473e+01 2.839711e+01 2.939702e+01 2.963179e+01 3.031162e+01 3.089663e+01
1.629890e+00 2.092458e+00 2.543638e+00 3.114261e+00 4.144881e+00 4.260643e+00 4.948887e+00 6.021406e+00 6.349556e+00 6.975370e+00 7.565780e+00 8.056660e+00 8.573714e+00 9.479367e+00 1.035430e+01 1.038566e+01 1.124933e+01 1.204510e+01 1.264537e+01 1.370145e+01 1.415708e+01 1.462675e+01 1.530609e+01 1.553769e+01 1.672985e+01 1.712288e+01 1.726279e+01 1.864856e+01 1.904310e+01 1.947403e+01 2.009339e+01 2.072799e+01 2.074820e+01 2.134439e+01 2.189390e+01 2.278533e+01 2.320566e+01 2.324225e+01 2.490192e+01 2.532599e+01 2.615006e+01 2.626194e+01 2.662274e+01 2.761646e+01 2.768094e+01 2.861744e+01 2.941084e+01 2.979707e+01 3.060665e+01 3.130843e+01 3.175296e+01
2.356180e+00 2.270621e+00 3.075505e+00 4.174277e+00 4.724378e+00 5.488862e+00 6.058127e+00 6.223020e+00 7.103158e+00 7.487494e+00 8.484210e+00 8.665725e+00 9.783475e+00 1.023320e+01 1.065939e+01 1.182173e+01 1.221597e+01 1.288660e+01 1.349389e+01 1.417924e+01 1.493897e+01 1.522068e+01 1.570823e+01 1.666715e+01 1.726839e+01 1.807861e+01 1.838060e+01 1.875566e+01 1.940400e+01 2.011126e+01 2.093777e+01 2.099565e+01 2.205585e+01 2.244060e+01 2.301078e+01 2.374145e+01 2.408227e+01 2.440378e+01 2.547730e+01 2.605142e+01 2.644779e+01 2.716520e+01 2.759883e+01 2.794337e+01 2.829403e+01 2.881660e+01 2.978921e+01 3.008567e+01 3.069260e+01 3.131122e+01 3.227186e+01
2.771148e+00 3.473176e+00 4.291452e+00 4.521532e+00 5.240143e+00 5.731605e+00 6.695313e+00 6.874754e+00 8.260171e+00 8.880150e+00 8.790710e+00 9.994028e+00 1.008078e+01 1.108684e+01 1.159542e+01 1.231613e+01 1.290192e+01 1.354189e+01 1.426622e+01 1.452590e+01 1.495325e+01 1.642174e+01 1.687395e+01 1.709903e+01 1.819068e+01 1.851924e+01 1.954311e+01 1.921155e+01 2.010834e+01 2.091843e+01 2.159338e+01 2.224998e+01 2.272145e+01 2.310369e+01 2.401260e+01 2.376672e+01 2.500013e+01 2.546270e+01 2.569808e+01 2.676555e+01 2.721302e+01 2.733435e+01 2.737496e+01 2.815224e+01 2.859211e+01 3.006011e+01 3.077458e+01 3.142116e+01 3.158141e+01 3.227335e+01 3.228815e+01
3.382889e+00 3.764330e+00 4.681826e+00 4.749867e+00 5.864842e+00 6.679594e+00 7.213444e+00 7.497409e+00 8.424714e+00 8.941371e+00 9.481756e+00 1.049582e+01 1.114863e+01 1.162747e+01 1.216324e+01 1.330634e+01 1.362391e+01 1.432278e+01 1.523442e+01 1.578803e+01 1.630730e+01 1.677257e+01 1.745829e+01 1.824758e+01 1.859972e+01 1.962866e+01 2.042453e+01 2.087784e+01 2.112183e+01 2.155509e+01 2.189199e+01 2.289851e+01 2.346380e+01 2.407139e+01 2.440580e+01 2.519107e+01 2.551684e+01 2.589938e+01 2.664102e+01 2.690174e+01 2.736905e+01 2.802135e+01 2.862350e+01 2.934127e+01 2.988567e+01 3.045268e+01 3.100611e+01 3.143080e+01 3.231927e+01 3.236191e+01 3.338813e+01
3.686293e+00 4.365018e+00 5.364071e+00 5.789391e+00 6.200298e+00 6.815826e+00 8.014256e+00 8.308291e+00 9.357628e+00 9.565306e+00 1.047663e+01 1.104232e+01 1.176163e+01 1.202053e+01 1.309843e+01 1.392904e+01 1.406644e+01 1.500876e+01 1.591811e+01 1.637251e+01 1.724207e+01 1.787515e+01 1.831349e+01 1.927606e+01 1.961028e+01 2.003310e+01 2.084173e+01 2.129493e+01 2.211906e+01 2.264914e+01 2.307767e+01 2.389348e+01 2.390178e+01 2.465267e+01 2.524083e+01 2.551475e+01 2.653321e+01 2.679221e+01 2.721764e+01 2.790599e+01 2.827526e+01 2.928549e+01 2.922993e+01 2.987910e+01 3.067124e+01 3.157433e+01 3.197123e+01 3.217429e+01 3.309314e+01 3.353432e+01 3.389276e+01
5.299861e+00 4.883639e+00 5.937683e+00 6.542138e+00 6.699330e+00 7.228137e+00 8.363082e+00 8.967241e+00 9.413934e+00 1.023933e+01 1.108996e+01 1.165460e+01 1.263034e+01 1.265344e+01 1.382226e+01 1.461061e+01 1.576145e+01 1.567667e+01 1.598876e+01 1.731093e+01 1.804500e+01 1.845099e+01 1.896925e+01 1.985986e+01 2.034282e+01 2.068183e+01 2.182186e+01 2.275439e+01 2.258131e+01 2.376147e+01 2.418911e+01 2.498671e+01 2.488428e+01 2.567249e+01 2.619315e+01 2.639259e+01 2.726133e+01 2.764719e+01 2.819845e+01 2.868000e+01 2.876900e+01 2.926425e+01 3.030965e+01 3.059661e+01 3.128024e+01 3.184021e+01 3.219268e+01 3.281064e+01 3.345825e+01 3.407718e+01 3.442553e+01
4.826532e+00 5.823880e+00 6.630264e+00 6.706196e+00 7.719169e+00 8.338124e+00 9.382469e+00 1.002600e+01 1.022714e+01 1.094443e+01 1.206009e+01 1.245710e+01 1.311593e+01 1.414351e+01 1.450251e+01 1.544996e+01 1.649178e+01 1.696762e+01 1.781853e+01 1.816483e+01 1.930250e+01 2.037636e+01 2.076064e+01 2.044587e+01 2.155917e+01 2.211682e+01 2.262731e+01 2.355926e+01 2.332476e+01 2.446863e+01 2.467465e+01 2.539275e+01 2.595139e+01 2.645275e+01 2.689329e+01 2.752710e+01 2.785638e+01 2.840544e+01 2.872619e+01 2.949364e+01 2.986537e+01 3.039719e+01 3.082207e+01 3.117692e+01 3.184659e+01 3.221278e+01 3.275232e+01 3.385103e+01 3.416886e+01 3.464230e+01 3.495463e+01
5.494371e+00 6.604138e+00 6.896672e+00 7.935289e+00 8.333893e+00 8.669060e+00 9.888060e+00 9.840207e+00 1.083663e+01 1.177761e+01 1.218013e+01 1.320025e+01 1.406625e+01 1.480962e+01 1.540509e+01 1.624280e+01 1.696321e+01 1.743903e+01 1.841112e+01 1.975202e+01 1.954737e+01 2.033163e+01 2.142727e+01 2.235511e+01 2.260680e+01 2.332856e+01 2.416956e+01 2.413353e+01 2.476395e+01 2.608861e+01 2.608144e+01 2.634403e+01 2.672168e+01 2.734711e+01 2.790320e+01 2.829969e+01 2.868245e+01 2.899473e+01 2.995011e+01 3.018056e+01 3.047972e+01 3.067484e+01 3.158552e+01 3.149345e+01 3.243519e+01 3.288249e+01 3.308983e+01 3.363174e+01 3.472181e+01 3.520093e+01 3.593992e+01
6.269589e+00 7.379160e+00 7.703694e+00 8.747326e+00 9.481228e+00 9.902807e+00 1.022869e+01 1.083627e+01 1.161674e+01 1.248902e+01 1.317318e+01 1.336316e+01 1.458558e+01 1.541816e+01 1.637571e+01 1.725006e+01 1.797779e+01 1.872613e+01 1.928521e+01 2.077020e+01 2.133506e+01 2.192996e+01 2.250723e+01 2.358356e+01 2.405243e+01 2.497974e+01 2.544776e+01 2.574851e+01 2.588679e+01 2.677680e+01 2.697251e+01 2.734858e+01 2.827620e+01 2.794214e+01 2.849232e+01 2.935165e+01 2.954826e+01 3.017272e+01 3.068208e+01 3.089410e+01 3.106893e+01 3.208773e+01 3.244261e+01 3.311332e+01 3.269066e+01 3.357435e+01 3.419796e+01 3.535303e+01 3.536979e+01 3.598474e+01 3.646880e+01
6.870951e+00 7.516018e+00 8.401622e+00 8.793091e+00 9.896478e+00 1.053138e+01 1.103332e+01 1.178937e+01 1.241302e+01 1.303096e+01 1.407026e+01 1.472272e+01 1.579183e+01 1.642843e+01 1.748548e+01 1.803968e+01 1.851678e+01 2.020456e+01 2.094458e+01 2.163620e+01 2.271980e+01 2.325658e+01 2.434688e+01 2.451589e+01 2.562972e+01 2.595619e+01 2.650639e+01 2.698337e+01 2.796674e+01 2.815950e+01 2.846906e+01 2.889393e+01 2.914768e+01 2.924658e+01 2.994607e+01 3.050347e+01 3.011738e+01 3.064892e+01 3.134866e+01 3.115476e+01 3.190066e+01 3.237867e+01 3.274568e+01 3.324763e+01 3.330551e+01 3.458702e+01 3.496153e+01 3.531046e+01 3.606041e+01 3.631162e+01 3.700184e+01
7.543721e+00 8.063229e+00 9.097456e+00 9.489052e+00 1.052548e+01 1.121743e+01 1.166874e+01 1.246437e+01 1.308251e+01 1.444496e+01 1.466985e+01 1.537924e+01 1.615982e+01 1.729637e+01 1.829199e+01 1.950094e+01 2.024245e+01 2.159812e+01 2.237484e+01 2.388512e+01 2.418323e+01 2.511996e+01 2.624867e+01 2.642110e+01 2.714597e+01 2.758273e+01 2.868146e+01 2.905726e+01 2.938898e+01 3.000275e+01 3.046138e+01 3.049972e+01 3.073375e+01 3.103407e+01 3.114975e+01 3.151272e+01 3.162426e+01 3.154850e+01 3.225271e+01 3.214875e+01 3.263845e+01 3.314998e+01 3.343757e+01 3.328899e+01 3.485180e+01 3.482325e+01 3.549697e+01 3.649328e+01 3.699754e+01 3.683867e+01 3.779895e+01
7.836237e+00 9.284227e+00 9.206061e+00 1.015470e+01 1.065940e+01 1.138630e+01 1.244386e+01 1.344175e+01 1.401134e+01 1.462743e+01 1.566625e+01 1.633888e+01 1.694719e+01 1.845978e+01 1.954871e+01 2.068915e+01 2.190067e+01 2.337596e+01 2.434798e+01 2.539838e+01 2.637820e+01 2.761378e+01 2.835192e+01 2.930553e+01 3.013921e+01 3.027485e+01 3.073931e+01 3.110244e+01 3.244271e+01 3.229504e+01 3.194289e+01 3.285054e+01 3.279166e+01 3.231514e+01 3.267917e+01 3.260415e+01 3.273332e+01 3.345144e+01 3.303958e+01 3.352704e+01 3.356601e+01 3.404088e+01 3.454929e+01 3.461742e+01 3.542150e+01 3.540873e+01 3.669278e+01 3.676648e+01 3.733660e+01 3.736918e+01 3.829992e+01
8.650617e+00 9.690962e+00 1.019093e+01 1.100509e+01 1.187731e+01 1.185516e+01 1.292769e+01 1.400167e+01 1.431231e+01 1.548983e+01 1.635342e+01 1.708561e+01 1.792862e+01 1.962911e+01 2.061558e+01 2.193377e+01 2.314019e+01 2.534926e+01 2.699931e+01 2.765195e+01 2.891966e+01 2.993007e+01 3.118813e+01 3.233705e+01 3.275791e+01 3.383404e+01 3.382574e+01 3.437654e+01 3.498368e+01 3.459652e+01 3.507344e+01 3.532170e+01 3.498388e+01 3.481262e+01 3.446254e+01 3.385145e+01 3.387866e+01 3.404049e+01 3.417599e+01 3.430582e+01 3.421386e+01 3.461408e+01 3.476246e+01 3.555010e+01 3.568132e+01 3.617374e+01 3.670696e+01 3.748321e+01 3.756297e+01 3.849395e+01 3.903379e+01
9.205400e+00 1.006202e+01 1.086918e+01 1.159219e+01 1.186983e+01 1.342421e+01 1.407366e+01 1.450627e+01 1.502539e+01 1.627293e+01 1.681299e+01 1.839877e+01 1.931800e+01 2.033236e+01 2.224563e+01 2.355887e+01 2.547168e+01 2.771228e+01 2.992658e+01 3.152921e+01 3.321083e+01 3.405601e+01 3.540158e+01 3.611203e+01 3.662163e+01 3.747895e+01 3.802202e+01 3.885392e+01 3.898226e+01 3.927530e+01 3.845820e+01 3.895440e+01 3.840323e+01 3.721023e+01 3.706757e+01 3.516661e+01 3.553404e+01 3.478094e+01 3.494733e+01 3.518644e+01 3.561542e+01 3.590137e+01 3.552472e+01 3.657134e+01 3.659805e+01 3.684057e+01 3.769954e+01 3.832052e+01 3.824903e+01 3.911627e+01 3.920741e+01
1.038205e+01 1.074518e+01 1.142360e+01 1.210082e+01 1.308552e+01 1.386864e+01 1.432879e+01 1.518620e+01 1.638760e+01 1.683337e+01 1.756222e+01 1.923841e+01 2.006346e+01 2.121338e+01 2.345236e+01 2.532396e+01 2.794354e+01 3.105155e+01 3.454665e+01 3.649106e+01 3.806499e+01 3.972518e+01 4.084138e+01 4.212708e+01 4.264126e+01 4.346533e+01 4.345345e+01 4.422945e+01 4.457343e+01 4.458315e+01 4.446895e+01 4.365456e+01 4.223110e+01 4.089395e+01 3.945409e+01 3.748751e+01 3.660030e+01 3.616045e+01 3.595870e+01 3.587439e+01 3.566838e+01 3.605413e+01 3.664747e+01 3.662837e+01 3.722814e+01 3.780396e+01 3.787464e+01 3.807162e+01 3.886363e+01 3.970929e+01 4.010304e+01
1.128836e+01 1.177969e+01 1.206130e+01 1.309616e+01 1.365323e+01 1.422662e+01 1.541402e+01 1.594663e+01 1.651856e+01 1.818897e+01 1.900899e+01 2.002905e+01 2.146166e+01 2.287180e+01 2.503983e+01 2.758339e+01 3.130521e+01 3.599624e+01 3.992086e+01 4.284718e+01 4.461125e+01 4.633266e+01 4.770160e+01 4.890544e+01 4.932447e+01 5.050006e+01 5.075819e+01 5.161774e+01 5.151851e+01 5.139275e+01 5.045606e+01 5.003697e+01 4.854963e+01 4.579297e+01 4.257563e+01 3.980885e+01 3.806780e+01 3.708581e+01 3.702307e+01 3.709710e+01 3.729351e+01 3.669737e+01 3.722336e+01 3.776743e+01 3.760763e+01 3.816714e+01 3.853595e+01 3.891887e+01 3.963817e+01 4.035369e+01 4.108922e+01
1.101485e+01 1.219303e+01 1.269055e+01 1.333916e+01 1.422933e+01 1.496118e+01 1.583204e+01 1.648704e+01 1.761753e+01 1.848658e+01 1.935305e+01 2.152620e+01 2.236755e+01 2.378556e+01 2.656207e+01 2.938938e+01 3.423107e+01 4.001806e+01 4.452265e+01 4.849981e+01 5.071209e+01 5.226516e+01 5.389411e+01 5.509789e+01 5.617735e+01 5.668878e+01 5.744650e+01 5.725171e+01 5.755649e+01 5.776635e+01 5.694961e+01 5.512645e+01 5.276316e+01 4.908020e+01 4.532209e+01 4.183406e+01 3.995928e+01 3.854123e+01 3.755643e+01 3.762230e+01 3.718884e+01 3.774263e+01 3.817554e+01 3.825676e+01 3.865151e+01 3.895313e+01 3.969366e+01 4.002129e+01 4.042182e+01 4.140426e+01 4.138591e+01
1.161645e+01 1.311994e+01 1.363469e+01 1.420758e+01 1.492770e+01 1.596969e+01 1.631195e+01 1.690251e+01 1.798317e+01 1.911808e+01 2.059399e+01 2.160324e+01 2.364234e+01 2.525827e+01 2.789141e+01 3.147037e+01 3.628814e+01 4.238230e+01 4.814935e+01 5.159245e+01 5.474834e+01 5.688171e+01 5.800484e+01 5.967985e+01 6.046326e+01 6.122226e+01 6.134211e+01 6.194980e+01 6.213708e+01 6.157772e+01 6.085573e+01 5.891717e+01 5.610759e+01 5.225159e+01 4.732067e+01 4.300819e+01 4.109323e+01 4.006393e+01 3.891909e+01 3.829222e+01 3.821749e+01 3.859602e+01 3.896563e+01 3.839543e+01 3.907917e+01 3.962167e+01 4.019939e+01 4.058378e+01 4.062584e+01 4.186037e+01 4.150324e+01
1.281551e+01 1.348781e+01 1.381523e+01 1.493541e+01 1.570634e+01 1.620927e+01 1.697732e+01 1.830782e+01 1.908139e+01 2.018719e+01 2.119467e+01 2.266421e+01 2.434091e+01 2.585871e+01 2.941216e+01 3.292578e+01 3.837455e+01 4.496232e+01 5.024146e+01 5.460008e+01 5.782973e+01 6.026053e+01 6.151912e+01 6.291581e+01 6.382286e+01 6.457267e+01 6.511164e+01 6.518865e+01 6.516278e+01 6.495028e+01 6.394934e+01 6.182190e+01 5.907710e+01 5.458715e+01 4.889828e+01 4.479687e+01 4.219063e+01 4.089766e+01 4.005563e+01 3.947290e+01 3.919722e+01 3.953150e+01 3.939473e+01 3.957584e+01 4.003098e+01 4.012403e+01 4.064762e+01 4.086843e+01 4.148035e+01 4.180754e+01 4.245503e+01
1.339775e+01 1.386200e+01 1.449059e+01 1.539209e+01 1.606997e+01 1.700951e+01 1.764832e+01 1.855886e+01 1.959804e+01 2.112816e+01 2.169338e+01 2.336396e+01 2.507120e+01 2.743967e+01 3.025213e+01 3.453742e+01 3.968892e+01 4.670854e+01 5.227050e+01 5.680587e+01 5.984720e+01 6.231592e+01 6.439825e+01 6.542849e+01 6.643930e+01 6.712381e+01 6.756838e+01 6.729194e+01 6.759264e+01 6.689157e+01 6.635987e+01 6.407875e+01 6.094612e+01 5.602474e+01 5.098666e+01 4.582922e+01 4.332336e+01 4.163144e+01 4.103573e+01 4.038398e+01 3.994018e+01 4.026168e+01 3.961194e+01 4.015255e+01 4.065005e+01 4.111573e+01 4.105018e+01 4.207836e+01 4.223942e+01 4.223436e+01 4.352149e+01
1.398635e+01 1.464884e+01 1.538623e+01 1.608692e+01 1.651400e+01 1.757573e+01 1.810809e+01 1.917413e+01 1.994003e+01 2.104765e+01 2.247249e+01 2.441691e+01 2.602157e+01 2.822785e+01 3.135564e+01 3.538115e+01 4.115562e+01 4.802604e+01 5.380559e+01 5.812677e+01 6.148089e+01 6.418386e+01 6.597169e+01 6.770458e+01 6.834546e+01 6.869037e+01 6.980805e+01 6.949254e+01 6.943041e+01 6.938965e+01 6.765883e+01 6.582417e+01 6.230432e+01 5.769605e+01 5.182677e+01 4.746172e+01 4.439701e+01 4.255954e+01 4.153536e+01 4.081421e+01 4.011484e+01 4.057718e+01 4.064609e+01 4.110112e+01 4.057340e+01 4.163617e+01 4.191151e+01 4.209351e+01 4.269052e+01 4.344220e+01 4.390806e+01
1.458254e+01 1.502736e+01 1.602449e+01 1.656418e+01 1.712467e+01 1.772845e+01 1.916895e+01 1.969459e+01 2.086765e+01 2.201861e+01 2.328444e+01 2.512517e+01 2.635449e+01 2.889456e+01 3.193944e+01 3.623217e+01 4.224177e+01 4.883778e+01 5.480276e+01 5.955452e+01 6.280954e+01 6.510939e+01 6.701557e+01 6.824777e+01 6.933334e+01 7.008708e+01 7.060363e+01 7.107089e+01 7.065660e+01 7.081148e+01 6.869357e+01 6.683255e+01 6.326017e+01 5.876493e+01 5.275790e+01 4.778500e+01 4.525338e+01 4.302480e+01 4.248299e+01 4.176781e+01 4.118547e+01 4.149896e+01 4.150271e+01 4.164616e+01 4.145172e+01 4.188472e+01 4.311573e+01 4.284610e+01 4.361893e+01 4.418609e+01 4.450319e+01
