DSAA
 51 51
 -30 30
 -30 30
 2.448620e-01 7.331170e+01
2.448620e-01  8.594320e-01  1.475065e+00  2.091198e+00  2.709082e+00  3.327529e+00  3.947038e+00  4.567424e+00  5.188872e+00  5.811008e+00  6.433832e+00  7.057093e+00  7.680730e+00  8.304492e+00  8.928254e+00  9.551266e+00  1.017350e+01  1.079466e+01  1.141427e+01  1.203228e+01  1.264794e+01  1.326126e+01  1.387186e+01  1.447969e+01  1.508422e+01  1.568576e+01  1.628444e+01  1.687979e+01  1.747189e+01  1.806143e+01  1.864802e+01  1.923223e+01  1.981424e+01  2.039466e+01  2.097353e+01  2.155121e+01  2.212801e+01  2.270448e+01  2.328070e+01  2.385709e+01  2.443363e+01  2.501096e+01  2.558886e+01  2.616737e+01  2.674710e+01  2.732745e+01  2.790902e+01  2.849141e+01  2.907487e+01  2.965912e+01  3.024471e+01  
8.594320e-01  1.475690e+00  2.092949e+00  2.711521e+00  3.331468e+00  3.952479e+00  4.574740e+00  5.198377e+00  5.822951e+00  6.448902e+00  7.075478e+00  7.703179e+00  8.331099e+00  8.959426e+00  9.587565e+00  1.021527e+01  1.084225e+01  1.146801e+01  1.209181e+01  1.271341e+01  1.333279e+01  1.394911e+01  1.456200e+01  1.517144e+01  1.577716e+01  1.637918e+01  1.697730e+01  1.757156e+01  1.816196e+01  1.874908e+01  1.933293e+01  1.991356e+01  2.049178e+01  2.106788e+01  2.164220e+01  2.221530e+01  2.278752e+01  2.335922e+01  2.393096e+01  2.450301e+01  2.507545e+01  2.564879e+01  2.622300e+01  2.679842e+01  2.737489e+01  2.795251e+01  2.853154e+01  2.911159e+01  2.969308e+01  3.027575e+01  3.085924e+01  
1.475065e+00  2.092949e+00  2.712334e+00  3.333532e+00  3.955793e+00  4.579805e+00  5.205380e+00  5.832644e+00  6.461346e+00  7.091361e+00  7.722595e+00  8.355205e+00  8.988534e+00  9.622332e+00  1.025641e+01  1.089018e+01  1.152270e+01  1.215409e+01  1.278347e+01  1.340999e+01  1.403356e+01  1.465382e+01  1.526961e+01  1.588140e+01  1.648868e+01  1.709099e+01  1.768858e+01  1.828139e+01  1.886963e+01  1.945377e+01  2.003361e+01  2.061010e+01  2.118330e+01  2.175412e+01  2.232274e+01  2.289007e+01  2.345640e+01  2.402236e+01  2.458857e+01  2.515517e+01  2.572278e+01  2.629149e+01  2.686118e+01  2.743259e+01  2.800535e+01  2.857986e+01  2.915579e+01  2.973349e+01  3.031241e+01  3.089311e+01  3.147497e+01  
2.091198e+00  2.711521e+00  3.333532e+00  3.957106e+00  4.582431e+00  5.209882e+00  5.839335e+00  6.470350e+00  7.103804e+00  7.739134e+00  8.376153e+00  9.014922e+00  9.654598e+00  1.029571e+01  1.093667e+01  1.157747e+01  1.221768e+01  1.285623e+01  1.349228e+01  1.412522e+01  1.475472e+01  1.537945e+01  1.599943e+01  1.661408e+01  1.722277e+01  1.782573e+01  1.842284e+01  1.901401e+01  1.959945e+01  2.017947e+01  2.075465e+01  2.132548e+01  2.189233e+01  2.245625e+01  2.301770e+01  2.357763e+01  2.413662e+01  2.469546e+01  2.525472e+01  2.581480e+01  2.637621e+01  2.693912e+01  2.750384e+01  2.807053e+01  2.863925e+01  2.920993e+01  2.978249e+01  3.035702e+01  3.093352e+01  3.151161e+01  3.209129e+01  
2.709082e+00  3.331468e+00  3.955793e+00  4.582431e+00  5.211571e+00  5.842774e+00  6.476353e+00  7.112684e+00  7.751328e+00  8.392755e+00  9.036808e+00  9.682988e+00  1.033092e+01  1.098044e+01  1.163050e+01  1.228102e+01  1.293036e+01  1.357807e+01  1.422324e+01  1.486444e+01  1.550115e+01  1.613207e+01  1.675721e+01  1.737548e+01  1.798651e+01  1.859024e+01  1.918656e+01  1.977536e+01  2.035722e+01  2.093217e+01  2.150107e+01  2.206437e+01  2.262305e+01  2.317825e+01  2.373053e+01  2.428099e+01  2.483064e+01  2.538038e+01  2.593084e+01  2.648292e+01  2.703677e+01  2.759289e+01  2.815143e+01  2.871264e+01  2.927623e+01  2.984258e+01  3.041136e+01  3.098249e+01  3.155579e+01  3.213154e+01  3.270894e+01  
3.327529e+00  3.952479e+00  4.579805e+00  5.209882e+00  5.842774e+00  6.478292e+00  7.116998e+00  7.759082e+00  8.404511e+00  9.053504e+00  9.705624e+00  1.036109e+01  1.101927e+01  1.167965e+01  1.234137e+01  1.300359e+01  1.366559e+01  1.432518e+01  1.498175e+01  1.563370e+01  1.628000e+01  1.691932e+01  1.755079e+01  1.817383e+01  1.878790e+01  1.939258e+01  1.998785e+01  2.057393e+01  2.115077e+01  2.171930e+01  2.227998e+01  2.283376e+01  2.338171e+01  2.392515e+01  2.446538e+01  2.500370e+01  2.554138e+01  2.607959e+01  2.661917e+01  2.716112e+01  2.770564e+01  2.825350e+01  2.880453e+01  2.935903e+01  2.991708e+01  3.047826e+01  3.104262e+01  3.160984e+01  3.217987e+01  3.275253e+01  3.332770e+01  
3.947038e+00  4.574740e+00  5.205380e+00  5.839335e+00  6.476353e+00  7.116998e+00  7.761614e+00  8.410764e+00  9.063853e+00  9.721726e+00  1.038404e+01  1.105095e+01  1.172173e+01  1.239614e+01  1.307284e+01  1.375057e+01  1.442842e+01  1.510394e+01  1.577588e+01  1.644232e+01  1.710094e+01  1.775120e+01  1.839129e+01  1.902080e+01  1.963862e+01  2.024469e+01  2.083858e+01  2.142079e+01  2.199143e+01  2.255122e+01  2.310102e+01  2.364214e+01  2.417583e+01  2.470408e+01  2.522831e+01  2.575067e+01  2.627280e+01  2.679611e+01  2.732179e+01  2.785091e+01  2.838416e+01  2.892176e+01  2.946400e+01  3.001067e+01  3.056167e+01  3.111692e+01  3.167620e+01  3.223928e+01  3.280549e+01  3.337487e+01  3.394702e+01  
4.567424e+00  5.198377e+00  5.832644e+00  6.470350e+00  7.112684e+00  7.759082e+00  8.410764e+00  9.067355e+00  9.730167e+00  1.039883e+01  1.107358e+01  1.175453e+01  1.244164e+01  1.313346e+01  1.382957e+01  1.452812e+01  1.522698e+01  1.592405e+01  1.661645e+01  1.730164e+01  1.797761e+01  1.864218e+01  1.929383e+01  1.993146e+01  2.055446e+01  2.116213e+01  2.175442e+01  2.233147e+01  2.289383e+01  2.344222e+01  2.397761e+01  2.450161e+01  2.501642e+01  2.552405e+01  2.602711e+01  2.652819e+01  2.702971e+01  2.753356e+01  2.804155e+01  2.855454e+01  2.907359e+01  2.959863e+01  3.013014e+01  3.066738e+01  3.121070e+01  3.175911e+01  3.231264e+01  3.287049e+01  3.343263e+01  3.399828e+01  3.456735e+01  
5.188872e+00  5.822951e+00  6.461346e+00  7.103804e+00  7.751328e+00  8.404511e+00  9.063853e+00  9.730167e+00  1.040361e+01  1.108521e+01  1.177542e+01  1.247431e+01  1.318155e+01  1.389667e+01  1.461845e+01  1.534447e+01  1.607204e+01  1.679790e+01  1.751820e+01  1.822952e+01  1.892827e+01  1.961238e+01  2.027944e+01  2.092821e+01  2.155768e+01  2.216754e+01  2.275780e+01  2.332813e+01  2.387944e+01  2.441246e+01  2.492838e+01  2.542936e+01  2.591826e+01  2.639795e+01  2.687207e+01  2.734446e+01  2.781841e+01  2.829680e+01  2.878164e+01  2.927426e+01  2.977546e+01  3.028522e+01  3.080366e+01  3.132997e+01  3.186385e+01  3.240461e+01  3.295141e+01  3.350391e+01  3.406124e+01  3.462297e+01  3.518867e+01  
5.811008e+00  6.448902e+00  7.091361e+00  7.739134e+00  8.392755e+00  9.053504e+00  9.721726e+00  1.039883e+01  1.108521e+01  1.178270e+01  1.249138e+01  1.321266e+01  1.394610e+01  1.469147e+01  1.544730e+01  1.621054e+01  1.697776e+01  1.774358e+01  1.850278e+01  1.924993e+01  1.998049e+01  2.069086e+01  2.137861e+01  2.204212e+01  2.268053e+01  2.329336e+01  2.388048e+01  2.444206e+01  2.497856e+01  2.549082e+01  2.598047e+01  2.644992e+01  2.690275e+01  2.734364e+01  2.777772e+01  2.821066e+01  2.864717e+01  2.909151e+01  2.954617e+01  3.001256e+01  3.049149e+01  3.098272e+01  3.148527e+01  3.199862e+01  3.252180e+01  3.305343e+01  3.359282e+01  3.413913e+01  3.469147e+01  3.524873e+01  3.581088e+01  
6.433832e+00  7.075478e+00  7.722595e+00  8.376153e+00  9.036808e+00  9.705624e+00  1.038404e+01  1.107358e+01  1.177542e+01  1.249138e+01  1.322329e+01  1.397246e+01  1.473938e+01  1.552466e+01  1.632662e+01  1.714175e+01  1.796423e+01  1.878697e+01  1.960137e+01  2.039906e+01  2.117374e+01  2.192017e+01  2.263579e+01  2.331886e+01  2.396897e+01  2.458559e+01  2.516887e+01  2.571892e+01  2.623583e+01  2.672021e+01  2.717356e+01  2.759913e+01  2.800130e+01  2.838693e+01  2.876420e+01  2.914160e+01  2.952664e+01  2.992479e+01  3.033948e+01  3.077243e+01  3.122340e+01  3.169145e+01  3.217538e+01  3.267361e+01  3.318416e+01  3.370573e+01  3.423673e+01  3.477604e+01  3.532260e+01  3.587548e+01  3.643377e+01  
7.057093e+00  7.703179e+00  8.355205e+00  9.014922e+00  9.682988e+00  1.036109e+01  1.105095e+01  1.175453e+01  1.247431e+01  1.321266e+01  1.397246e+01  1.475630e+01  1.556684e+01  1.640488e+01  1.726992e+01  1.815797e+01  1.906064e+01  1.996599e+01  2.086052e+01  2.173115e+01  2.256776e+01  2.336417e+01  2.411753e+01  2.482667e+01  2.549190e+01  2.611353e+01  2.669191e+01  2.722661e+01  2.771746e+01  2.816415e+01  2.856771e+01  2.893112e+01  2.926054e+01  2.956600e+01  2.986055e+01  3.015805e+01  3.046999e+01  3.080493e+01  3.116673e+01  3.155639e+01  3.197244e+01  3.241267e+01  3.287439e+01  3.335455e+01  3.385082e+01  3.436112e+01  3.488288e+01  3.541472e+01  3.595528e+01  3.650299e+01  3.705705e+01  
7.680730e+00  8.331099e+00  8.988534e+00  9.654598e+00  1.033092e+01  1.101927e+01  1.172173e+01  1.244164e+01  1.318155e+01  1.394610e+01  1.473938e+01  1.556684e+01  1.643279e+01  1.734177e+01  1.829451e+01  1.928710e+01  2.030822e+01  2.133795e+01  2.235254e+01  2.333003e+01  2.425534e+01  2.512081e+01  2.592458e+01  2.666801e+01  2.735293e+01  2.798093e+01  2.855290e+01  2.906796e+01  2.952466e+01  2.992068e+01  3.025524e+01  3.052999e+01  3.075245e+01  3.093795e+01  3.110818e+01  3.128725e+01  3.149444e+01  3.174169e+01  3.203291e+01  3.236675e+01  3.273942e+01  3.314616e+01  3.358161e+01  3.404156e+01  3.452176e+01  3.501913e+01  3.553082e+01  3.605466e+01  3.658860e+01  3.713094e+01  3.768081e+01  
8.304492e+00  8.959426e+00  9.622332e+00  1.029571e+01  1.098044e+01  1.167965e+01  1.239614e+01  1.313346e+01  1.389667e+01  1.469147e+01  1.552466e+01  1.640488e+01  1.734177e+01  1.834433e+01  1.941946e+01  2.056583e+01  2.176761e+01  2.299114e+01  2.419152e+01  2.532945e+01  2.638192e+01  2.734247e+01  2.821345e+01  2.900085e+01  2.971074e+01  3.034675e+01  3.091070e+01  3.140077e+01  3.181335e+01  3.214246e+01  3.238204e+01  3.252940e+01  3.259146e+01  3.259114e+01  3.256773e+01  3.256592e+01  3.261938e+01  3.274426e+01  3.294164e+01  3.320493e+01  3.352477e+01  3.389148e+01  3.429681e+01  3.473354e+01  3.519611e+01  3.567968e+01  3.618046e+01  3.669556e+01  3.722238e+01  3.775936e+01  3.830458e+01  
8.928254e+00  9.587565e+00  1.025641e+01  1.093667e+01  1.163050e+01  1.234137e+01  1.307284e+01  1.382957e+01  1.461845e+01  1.544730e+01  1.632662e+01  1.726992e+01  1.829451e+01  1.941946e+01  2.066418e+01  2.203832e+01  2.352548e+01  2.506439e+01  2.656298e+01  2.794540e+01  2.918045e+01  3.026929e+01  3.122690e+01  3.206928e+01  3.280958e+01  3.345540e+01  3.400965e+01  3.446931e+01  3.482685e+01  3.506936e+01  3.518036e+01  3.514543e+01  3.496293e+01  3.466440e+01  3.432538e+01  3.403833e+01  3.386405e+01  3.381934e+01  3.389445e+01  3.407005e+01  3.432663e+01  3.464727e+01  3.501846e+01  3.542965e+01  3.587274e+01  3.634141e+01  3.683055e+01  3.733661e+01  3.785652e+01  3.838753e+01  3.892807e+01  
9.551266e+00  1.021527e+01  1.089018e+01  1.157747e+01  1.228102e+01  1.300359e+01  1.375057e+01  1.452812e+01  1.534447e+01  1.621054e+01  1.714175e+01  1.815797e+01  1.928710e+01  2.056583e+01  2.203832e+01  2.374699e+01  2.569481e+01  2.777333e+01  2.976753e+01  3.152280e+01  3.301160e+01  3.426700e+01  3.533150e+01  3.623980e+01  3.701570e+01  3.767290e+01  3.821570e+01  3.863980e+01  3.893150e+01  3.906700e+01  3.901150e+01  3.872270e+01  3.816761e+01  3.737331e+01  3.649471e+01  3.574699e+01  3.523825e+01  3.496580e+01  3.488719e+01  3.495797e+01  3.514165e+01  3.541058e+01  3.574442e+01  3.612826e+01  3.655061e+01  3.700370e+01  3.748116e+01  3.797765e+01  3.848992e+01  3.901531e+01  3.955110e+01  
1.017350e+01  1.084225e+01  1.152270e+01  1.221768e+01  1.293036e+01  1.366559e+01  1.442842e+01  1.522698e+01  1.607204e+01  1.697776e+01  1.796423e+01  1.906064e+01  2.030822e+01  2.176761e+01  2.352548e+01  2.569481e+01  2.836936e+01  3.139110e+01  3.420470e+01  3.649670e+01  3.831370e+01  3.977030e+01  4.095860e+01  4.194100e+01  4.275640e+01  4.342590e+01  4.395640e+01  4.434100e+01  4.455860e+01  4.457020e+01  4.431370e+01  4.369670e+01  4.260470e+01  4.099110e+01  3.916937e+01  3.769488e+01  3.672550e+01  3.616764e+01  3.590817e+01  3.586047e+01  3.596425e+01  3.617770e+01  3.647211e+01  3.682714e+01  3.722836e+01  3.766539e+01  3.813058e+01  3.861767e+01  3.912269e+01  3.964218e+01  4.017353e+01  
1.079466e+01  1.146801e+01  1.215409e+01  1.285623e+01  1.357807e+01  1.432518e+01  1.510394e+01  1.592405e+01  1.679790e+01  1.774358e+01  1.878697e+01  1.996599e+01  2.133795e+01  2.299114e+01  2.506439e+01  2.777333e+01  3.139110e+01  3.576400e+01  3.968690e+01  4.262640e+01  4.481270e+01  4.648750e+01  4.780730e+01  4.886730e+01  4.972390e+01  5.040640e+01  5.092390e+01  5.126730e+01  5.140720e+01  5.128750e+01  5.081280e+01  4.982640e+01  4.808690e+01  4.536410e+01  4.219120e+01  3.977334e+01  3.826435e+01  3.739115e+01  3.693802e+01  3.676613e+01  3.678703e+01  3.694369e+01  3.719786e+01  3.752412e+01  3.790403e+01  3.832515e+01  3.877826e+01  3.925607e+01  3.975400e+01  4.026805e+01  4.079470e+01  
1.141427e+01  1.209181e+01  1.278347e+01  1.349228e+01  1.422324e+01  1.498175e+01  1.577588e+01  1.661645e+01  1.751820e+01  1.850278e+01  1.960137e+01  2.086052e+01  2.235254e+01  2.419152e+01  2.656298e+01  2.976753e+01  3.420470e+01  3.968690e+01  4.455080e+01  4.807600e+01  5.060900e+01  5.249210e+01  5.393840e+01  5.507370e+01  5.597050e+01  5.666540e+01  5.717040e+01  5.747380e+01  5.753840e+01  5.729210e+01  5.660900e+01  5.527600e+01  5.295070e+01  4.928680e+01  4.500480e+01  4.176762e+01  3.976295e+01  3.859144e+01  3.795252e+01  3.766056e+01  3.760131e+01  3.770283e+01  3.791822e+01  3.821638e+01  3.857580e+01  3.898186e+01  3.942314e+01  3.989225e+01  4.038323e+01  4.089194e+01  4.141445e+01  
1.203228e+01  1.271341e+01  1.340999e+01  1.412522e+01  1.486444e+01  1.563370e+01  1.644232e+01  1.730164e+01  1.822952e+01  1.924993e+01  2.039906e+01  2.173115e+01  2.333003e+01  2.532945e+01  2.794540e+01  3.152280e+01  3.649670e+01  4.262640e+01  4.807600e+01  5.202350e+01  5.483330e+01  5.689320e+01  5.845080e+01  5.965360e+01  6.058650e+01  6.129290e+01  6.178640e+01  6.205370e+01  6.205080e+01  6.169320e+01  6.083330e+01  5.922350e+01  5.647600e+01  5.222650e+01  4.729670e+01  4.352280e+01  4.114536e+01  3.972944e+01  3.893003e+01  3.853115e+01  3.839900e+01  3.845000e+01  3.862947e+01  3.890168e+01  3.924211e+01  3.963380e+01  4.006451e+01  4.052536e+01  4.101005e+01  4.151346e+01  4.203226e+01  
1.264794e+01  1.333279e+01  1.403356e+01  1.475472e+01  1.550115e+01  1.628000e+01  1.710094e+01  1.797761e+01  1.892827e+01  1.998049e+01  2.117374e+01  2.256776e+01  2.425534e+01  2.638192e+01  2.918045e+01  3.301160e+01  3.831370e+01  4.481270e+01  5.060900e+01  5.483330e+01  5.784300e+01  6.003970e+01  6.168760e+01  6.294690e+01  6.391060e+01  6.462680e+01  6.511060e+01  6.534680e+01  6.528760e+01  6.483970e+01  6.384300e+01  6.203330e+01  5.900900e+01  5.441290e+01  4.911370e+01  4.501160e+01  4.238049e+01  4.078196e+01  3.985530e+01  3.936772e+01  3.917367e+01  3.918054e+01  3.932841e+01  3.957754e+01  3.990098e+01  4.028003e+01  4.070108e+01  4.115471e+01  4.163371e+01  4.213282e+01  4.264800e+01  
1.326126e+01  1.394911e+01  1.465382e+01  1.537945e+01  1.613207e+01  1.691932e+01  1.775120e+01  1.864218e+01  1.961238e+01  2.069086e+01  2.192017e+01  2.336417e+01  2.512081e+01  2.734247e+01  3.026929e+01  3.426700e+01  3.977030e+01  4.648750e+01  5.249210e+01  5.689320e+01  6.003970e+01  6.233590e+01  6.405230e+01  6.535580e+01  6.634410e+01  6.706830e+01  6.754410e+01  6.775580e+01  6.765230e+01  6.713590e+01  6.603970e+01  6.409320e+01  6.089210e+01  5.608750e+01  5.057030e+01  4.626700e+01  4.346931e+01  4.174254e+01  4.072081e+01  4.016420e+01  3.992014e+01  3.989080e+01  4.001237e+01  4.024213e+01  4.055115e+01  4.091930e+01  4.133210e+01  4.177944e+01  4.225382e+01  4.274905e+01  4.326131e+01  
1.387186e+01  1.456200e+01  1.526961e+01  1.599943e+01  1.675721e+01  1.755079e+01  1.839129e+01  1.929383e+01  2.027944e+01  2.137861e+01  2.263579e+01  2.411753e+01  2.592458e+01  2.821345e+01  3.122690e+01  3.533150e+01  4.095860e+01  4.780730e+01  5.393840e+01  5.845080e+01  6.168760e+01  6.405230e+01  6.581780e+01  6.715380e+01  6.816050e+01  6.889060e+01  6.936050e+01  6.955380e+01  6.941780e+01  6.885230e+01  6.768760e+01  6.565080e+01  6.233850e+01  5.740720e+01  5.175860e+01  4.733160e+01  4.442683e+01  4.261342e+01  4.152463e+01  4.091748e+01  4.063582e+01  4.057861e+01  4.067948e+01  4.089388e+01  4.119150e+01  4.155084e+01  4.195710e+01  4.239944e+01  4.286966e+01  4.336204e+01  4.387176e+01  
1.447969e+01  1.517144e+01  1.588140e+01  1.661408e+01  1.737548e+01  1.817383e+01  1.902080e+01  1.993146e+01  2.092821e+01  2.204212e+01  2.331886e+01  2.482667e+01  2.666801e+01  2.900085e+01  3.206928e+01  3.623980e+01  4.194100e+01  4.886730e+01  5.507370e+01  5.965360e+01  6.294690e+01  6.535580e+01  6.715380e+01  6.851170e+01  6.953100e+01  7.026530e+01  7.073100e+01  7.091170e+01  7.075380e+01  7.015580e+01  6.894680e+01  6.685370e+01  6.347380e+01  5.846730e+01  5.274090e+01  4.823990e+01  4.526933e+01  4.340088e+01  4.226803e+01  4.162666e+01  4.131891e+01  4.124214e+01  4.132815e+01  4.153154e+01  4.182072e+01  4.217378e+01  4.257546e+01  4.301401e+01  4.348135e+01  4.397141e+01  4.447969e+01  
1.508422e+01  1.577716e+01  1.648868e+01  1.722277e+01  1.798651e+01  1.878790e+01  1.963862e+01  2.055446e+01  2.155768e+01  2.268053e+01  2.396897e+01  2.549190e+01  2.735293e+01  2.971074e+01  3.280958e+01  3.701570e+01  4.275640e+01  4.972390e+01  5.597050e+01  6.058650e+01  6.391060e+01  6.634410e+01  6.816050e+01  6.953100e+01  7.055760e+01  7.129430e+01  7.175760e+01  7.193100e+01  7.176050e+01  7.114410e+01  6.991060e+01  6.778650e+01  6.437040e+01  5.932390e+01  5.355630e+01  4.901580e+01  4.600965e+01  4.411067e+01  4.295292e+01  4.229178e+01  4.196899e+01  4.188044e+01  4.195772e+01  4.215446e+01  4.243873e+01  4.278790e+01  4.318654e+01  4.362291e+01  4.408861e+01  4.457719e+01  4.508432e+01  
1.568576e+01  1.637918e+01  1.709099e+01  1.782573e+01  1.859024e+01  1.939258e+01  2.024469e+01  2.116213e+01  2.216754e+01  2.329336e+01  2.458559e+01  2.611353e+01  2.798093e+01  3.034675e+01  3.345540e+01  3.767290e+01  4.342590e+01  5.040640e+01  5.666540e+01  6.129290e+01  6.462680e+01  6.706830e+01  6.889060e+01  7.026530e+01  7.129430e+01  7.203170e+01  7.249430e+01  7.266530e+01  7.249060e+01  7.186830e+01  7.062680e+01  6.849300e+01  6.506540e+01  6.000640e+01  5.422590e+01  4.967290e+01  4.665540e+01  4.474677e+01  4.358098e+01  4.291359e+01  4.258565e+01  4.249327e+01  4.256757e+01  4.276203e+01  4.304455e+01  4.339256e+01  4.379032e+01  4.422574e+01  4.469095e+01  4.517915e+01  4.568594e+01  
1.628444e+01  1.697730e+01  1.768858e+01  1.842284e+01  1.918656e+01  1.998785e+01  2.083858e+01  2.175442e+01  2.275780e+01  2.388048e+01  2.516887e+01  2.669191e+01  2.855290e+01  3.091070e+01  3.400965e+01  3.821570e+01  4.395640e+01  5.092390e+01  5.717040e+01  6.178640e+01  6.511060e+01  6.754410e+01  6.936050e+01  7.073100e+01  7.175760e+01  7.249430e+01  7.295760e+01  7.313100e+01  7.296050e+01  7.234410e+01  7.111050e+01  6.898650e+01  6.557030e+01  6.052390e+01  5.475630e+01  5.021570e+01  4.720959e+01  4.531067e+01  4.415291e+01  4.349187e+01  4.316887e+01  4.308053e+01  4.315786e+01  4.335452e+01  4.363863e+01  4.398777e+01  4.438640e+01  4.482289e+01  4.528861e+01  4.577716e+01  4.628436e+01  
1.687979e+01  1.757156e+01  1.828139e+01  1.901401e+01  1.977536e+01  2.057393e+01  2.142079e+01  2.233147e+01  2.332813e+01  2.444206e+01  2.571892e+01  2.722661e+01  2.906796e+01  3.140077e+01  3.446931e+01  3.863980e+01  4.434100e+01  5.126730e+01  5.747380e+01  6.205370e+01  6.534680e+01  6.775580e+01  6.955380e+01  7.091170e+01  7.193100e+01  7.266530e+01  7.313100e+01  7.331170e+01  7.315380e+01  7.255580e+01  7.134690e+01  6.925370e+01  6.587380e+01  6.086730e+01  5.514100e+01  5.063980e+01  4.766931e+01  4.580082e+01  4.466806e+01  4.402659e+01  4.371892e+01  4.364214e+01  4.372808e+01  4.393152e+01  4.422072e+01  4.457383e+01  4.497528e+01  4.541403e+01  4.588137e+01  4.637156e+01  4.687974e+01  
1.747189e+01  1.816196e+01  1.886963e+01  1.959945e+01  2.035722e+01  2.115077e+01  2.199143e+01  2.289383e+01  2.387944e+01  2.497856e+01  2.623583e+01  2.771746e+01  2.952466e+01  3.181335e+01  3.482685e+01  3.893150e+01  4.455860e+01  5.140720e+01  5.753840e+01  6.205080e+01  6.528760e+01  6.765230e+01  6.941780e+01  7.075380e+01  7.176050e+01  7.249060e+01  7.296050e+01  7.315380e+01  7.301790e+01  7.245230e+01  7.128750e+01  6.925080e+01  6.593850e+01  6.100720e+01  5.535860e+01  5.093150e+01  4.802684e+01  4.621341e+01  4.512468e+01  4.451757e+01  4.423584e+01  4.417850e+01  4.427946e+01  4.449375e+01  4.479141e+01  4.515073e+01  4.555715e+01  4.599944e+01  4.646966e+01  4.696197e+01  4.747186e+01  
1.806143e+01  1.874908e+01  1.945377e+01  2.017947e+01  2.093217e+01  2.171930e+01  2.255122e+01  2.344222e+01  2.441246e+01  2.549082e+01  2.672021e+01  2.816415e+01  2.992068e+01  3.214246e+01  3.506936e+01  3.906700e+01  4.457020e+01  5.128750e+01  5.729210e+01  6.169320e+01  6.483970e+01  6.713590e+01  6.885230e+01  7.015580e+01  7.114410e+01  7.186830e+01  7.234410e+01  7.255580e+01  7.245230e+01  7.193590e+01  7.083970e+01  6.889310e+01  6.569210e+01  6.088760e+01  5.537020e+01  5.106710e+01  4.826935e+01  4.654247e+01  4.552076e+01  4.496418e+01  4.472019e+01  4.469085e+01  4.481234e+01  4.504225e+01  4.535120e+01  4.571931e+01  4.613212e+01  4.657951e+01  4.705385e+01  4.754915e+01  4.806138e+01  
1.864802e+01  1.933293e+01  2.003361e+01  2.075465e+01  2.150107e+01  2.227998e+01  2.310102e+01  2.397761e+01  2.492838e+01  2.598047e+01  2.717356e+01  2.856771e+01  3.025524e+01  3.238204e+01  3.518036e+01  3.901150e+01  4.431370e+01  5.081280e+01  5.660900e+01  6.083330e+01  6.384300e+01  6.603970e+01  6.768760e+01  6.894680e+01  6.991060e+01  7.062680e+01  7.111050e+01  7.134690e+01  7.128750e+01  7.083970e+01  6.984300e+01  6.803330e+01  6.500900e+01  6.041280e+01  5.511370e+01  5.101150e+01  4.838035e+01  4.678202e+01  4.585528e+01  4.536764e+01  4.517360e+01  4.518051e+01  4.532835e+01  4.557750e+01  4.590101e+01  4.627996e+01  4.670109e+01  4.715473e+01  4.763375e+01  4.813289e+01  4.864806e+01  
1.923223e+01  1.991356e+01  2.061010e+01  2.132548e+01  2.206437e+01  2.283376e+01  2.364214e+01  2.450161e+01  2.542936e+01  2.644992e+01  2.759913e+01  2.893112e+01  3.052999e+01  3.252940e+01  3.514543e+01  3.872270e+01  4.369670e+01  4.982640e+01  5.527600e+01  5.922350e+01  6.203330e+01  6.409320e+01  6.565080e+01  6.685370e+01  6.778650e+01  6.849300e+01  6.898650e+01  6.925370e+01  6.925080e+01  6.889310e+01  6.803330e+01  6.642350e+01  6.367600e+01  5.942650e+01  5.449670e+01  5.072280e+01  4.834537e+01  4.692943e+01  4.612999e+01  4.573113e+01  4.559908e+01  4.564993e+01  4.582939e+01  4.610159e+01  4.644205e+01  4.683390e+01  4.726449e+01  4.772539e+01  4.821008e+01  4.871360e+01  4.923231e+01  
1.981424e+01  2.049178e+01  2.118330e+01  2.189233e+01  2.262305e+01  2.338171e+01  2.417583e+01  2.501642e+01  2.591826e+01  2.690275e+01  2.800130e+01  2.926054e+01  3.075245e+01  3.259146e+01  3.496293e+01  3.816761e+01  4.260470e+01  4.808690e+01  5.295070e+01  5.647600e+01  5.900900e+01  6.089210e+01  6.233850e+01  6.347380e+01  6.437040e+01  6.506540e+01  6.557030e+01  6.587380e+01  6.593850e+01  6.569210e+01  6.500900e+01  6.367600e+01  6.135070e+01  5.768680e+01  5.340480e+01  5.016765e+01  4.816295e+01  4.699142e+01  4.635251e+01  4.606057e+01  4.600125e+01  4.610280e+01  4.631814e+01  4.661638e+01  4.697583e+01  4.738180e+01  4.782310e+01  4.829237e+01  4.878313e+01  4.929187e+01  4.981442e+01  
2.039466e+01  2.106788e+01  2.175412e+01  2.245625e+01  2.317825e+01  2.392515e+01  2.470408e+01  2.552405e+01  2.639795e+01  2.734364e+01  2.838693e+01  2.956600e+01  3.093795e+01  3.259114e+01  3.466440e+01  3.737331e+01  4.099110e+01  4.536410e+01  4.928680e+01  5.222650e+01  5.441290e+01  5.608750e+01  5.740720e+01  5.846730e+01  5.932390e+01  6.000640e+01  6.052390e+01  6.086730e+01  6.100720e+01  6.088760e+01  6.041280e+01  5.942650e+01  5.768680e+01  5.496410e+01  5.179120e+01  4.937336e+01  4.786434e+01  4.699116e+01  4.653804e+01  4.636613e+01  4.638700e+01  4.654362e+01  4.679787e+01  4.712408e+01  4.750406e+01  4.792527e+01  4.837842e+01  4.885620e+01  4.935402e+01  4.986795e+01  5.039460e+01  
2.097353e+01  2.164220e+01  2.232274e+01  2.301770e+01  2.373053e+01  2.446538e+01  2.522831e+01  2.602711e+01  2.687207e+01  2.777772e+01  2.876420e+01  2.986055e+01  3.110818e+01  3.256773e+01  3.432538e+01  3.649471e+01  3.916937e+01  4.219120e+01  4.500480e+01  4.729670e+01  4.911370e+01  5.057030e+01  5.175860e+01  5.274090e+01  5.355630e+01  5.422590e+01  5.475630e+01  5.514100e+01  5.535860e+01  5.537020e+01  5.511370e+01  5.449670e+01  5.340480e+01  5.179120e+01  4.996930e+01  4.849482e+01  4.752542e+01  4.696770e+01  4.670813e+01  4.666052e+01  4.676427e+01  4.697782e+01  4.727203e+01  4.762716e+01  4.802832e+01  4.846530e+01  4.893046e+01  4.941759e+01  4.992276e+01  5.044225e+01  5.097365e+01  
2.155121e+01  2.221530e+01  2.289007e+01  2.357763e+01  2.428099e+01  2.500370e+01  2.575067e+01  2.652819e+01  2.734446e+01  2.821066e+01  2.914160e+01  3.015805e+01  3.128725e+01  3.256592e+01  3.403833e+01  3.574699e+01  3.769488e+01  3.977334e+01  4.176762e+01  4.352280e+01  4.501160e+01  4.626700e+01  4.733160e+01  4.823990e+01  4.901580e+01  4.967290e+01  5.021570e+01  5.063980e+01  5.093150e+01  5.106710e+01  5.101150e+01  5.072280e+01  5.016765e+01  4.937336e+01  4.849482e+01  4.774703e+01  4.723819e+01  4.696590e+01  4.688725e+01  4.695792e+01  4.714159e+01  4.741055e+01  4.774454e+01  4.812825e+01  4.855075e+01  4.900374e+01  4.948115e+01  4.997754e+01  5.048999e+01  5.101520e+01  5.155108e+01  
2.212801e+01  2.278752e+01  2.345640e+01  2.413662e+01  2.483064e+01  2.554138e+01  2.627280e+01  2.702971e+01  2.781841e+01  2.864717e+01  2.952664e+01  3.046999e+01  3.149444e+01  3.261938e+01  3.386405e+01  3.523825e+01  3.672550e+01  3.826435e+01  3.976295e+01  4.114536e+01  4.238049e+01  4.346931e+01  4.442683e+01  4.526933e+01  4.600965e+01  4.665540e+01  4.720959e+01  4.766931e+01  4.802684e+01  4.826935e+01  4.838035e+01  4.834537e+01  4.816295e+01  4.786434e+01  4.752542e+01  4.723819e+01  4.706400e+01  4.701934e+01  4.709440e+01  4.727006e+01  4.752656e+01  4.784730e+01  4.821840e+01  4.862970e+01  4.907278e+01  4.954143e+01  5.003050e+01  5.053661e+01  5.105654e+01  5.158753e+01  5.212807e+01  
2.270448e+01  2.335922e+01  2.402236e+01  2.469546e+01  2.538038e+01  2.607959e+01  2.679611e+01  2.753356e+01  2.829680e+01  2.909151e+01  2.992479e+01  3.080493e+01  3.174169e+01  3.274426e+01  3.381934e+01  3.496580e+01  3.616764e+01  3.739115e+01  3.859144e+01  3.972944e+01  4.078196e+01  4.174254e+01  4.261342e+01  4.340088e+01  4.411067e+01  4.474677e+01  4.531067e+01  4.580082e+01  4.621341e+01  4.654247e+01  4.678202e+01  4.692943e+01  4.699142e+01  4.699116e+01  4.696770e+01  4.696590e+01  4.701934e+01  4.714433e+01  4.734161e+01  4.760495e+01  4.792481e+01  4.829150e+01  4.869681e+01  4.913362e+01  4.959618e+01  5.007968e+01  5.058041e+01  5.109549e+01  5.162246e+01  5.215940e+01  5.270459e+01  
2.328070e+01  2.393096e+01  2.458857e+01  2.525472e+01  2.593084e+01  2.661917e+01  2.732179e+01  2.804155e+01  2.878164e+01  2.954617e+01  3.033948e+01  3.116673e+01  3.203291e+01  3.294164e+01  3.389445e+01  3.488719e+01  3.590817e+01  3.693802e+01  3.795252e+01  3.893003e+01  3.985530e+01  4.072081e+01  4.152463e+01  4.226803e+01  4.295292e+01  4.358098e+01  4.415291e+01  4.466806e+01  4.512468e+01  4.552076e+01  4.585528e+01  4.612999e+01  4.635251e+01  4.653804e+01  4.670813e+01  4.688725e+01  4.709440e+01  4.734161e+01  4.763307e+01  4.796664e+01  4.833959e+01  4.874613e+01  4.918167e+01  4.964154e+01  5.012173e+01  5.061918e+01  5.113082e+01  5.165469e+01  5.218860e+01  5.273107e+01  5.328073e+01  
2.385709e+01  2.450301e+01  2.515517e+01  2.581480e+01  2.648292e+01  2.716112e+01  2.785091e+01  2.855454e+01  2.927426e+01  3.001256e+01  3.077243e+01  3.155639e+01  3.236675e+01  3.320493e+01  3.407005e+01  3.495797e+01  3.586047e+01  3.676613e+01  3.766056e+01  3.853115e+01  3.936772e+01  4.016420e+01  4.091748e+01  4.162666e+01  4.229178e+01  4.291359e+01  4.349187e+01  4.402659e+01  4.451757e+01  4.496418e+01  4.536764e+01  4.573113e+01  4.606057e+01  4.636613e+01  4.666052e+01  4.695792e+01  4.727006e+01  4.760495e+01  4.796664e+01  4.835628e+01  4.877243e+01  4.921263e+01  4.967418e+01  5.015447e+01  5.065085e+01  5.116115e+01  5.168286e+01  5.221474e+01  5.275521e+01  5.330305e+01  5.385706e+01  
2.443363e+01  2.507545e+01  2.572278e+01  2.637621e+01  2.703677e+01  2.770564e+01  2.838416e+01  2.907359e+01  2.977546e+01  3.049149e+01  3.122340e+01  3.197244e+01  3.273942e+01  3.352477e+01  3.432663e+01  3.514165e+01  3.596425e+01  3.678703e+01  3.760131e+01  3.839900e+01  3.917367e+01  3.992014e+01  4.063582e+01  4.131891e+01  4.196899e+01  4.258565e+01  4.316887e+01  4.371892e+01  4.423584e+01  4.472019e+01  4.517360e+01  4.559908e+01  4.600125e+01  4.638700e+01  4.676427e+01  4.714159e+01  4.752656e+01  4.792481e+01  4.833959e+01  4.877243e+01  4.922354e+01  4.969160e+01  5.017542e+01  5.067358e+01  5.118419e+01  5.170572e+01  5.223659e+01  5.277631e+01  5.332285e+01  5.387542e+01  5.443364e+01  
2.501096e+01  2.564879e+01  2.629149e+01  2.693912e+01  2.759289e+01  2.825350e+01  2.892176e+01  2.959863e+01  3.028522e+01  3.098272e+01  3.169145e+01  3.241267e+01  3.314616e+01  3.389148e+01  3.464727e+01  3.541058e+01  3.617770e+01  3.694369e+01  3.770283e+01  3.845000e+01  3.918054e+01  3.989080e+01  4.057861e+01  4.124214e+01  4.188044e+01  4.249327e+01  4.308053e+01  4.364214e+01  4.417850e+01  4.469085e+01  4.518051e+01  4.564993e+01  4.610280e+01  4.654362e+01  4.697782e+01  4.741055e+01  4.784730e+01  4.829150e+01  4.874613e+01  4.921263e+01  4.969160e+01  5.018279e+01  5.068528e+01  5.119858e+01  5.172173e+01  5.225350e+01  5.279291e+01  5.333917e+01  5.389142e+01  5.444878e+01  5.501088e+01  
2.558886e+01  2.622300e+01  2.686118e+01  2.750384e+01  2.815143e+01  2.880453e+01  2.946400e+01  3.013014e+01  3.080366e+01  3.148527e+01  3.217538e+01  3.287439e+01  3.358161e+01  3.429681e+01  3.501846e+01  3.574442e+01  3.647211e+01  3.719786e+01  3.791822e+01  3.862947e+01  3.932841e+01  4.001237e+01  4.067948e+01  4.132815e+01  4.195772e+01  4.256757e+01  4.315786e+01  4.372808e+01  4.427946e+01  4.481234e+01  4.532835e+01  4.582939e+01  4.631814e+01  4.679787e+01  4.727203e+01  4.774454e+01  4.821840e+01  4.869681e+01  4.918167e+01  4.967418e+01  5.017542e+01  5.068528e+01  5.120377e+01  5.172998e+01  5.226388e+01  5.280457e+01  5.335145e+01  5.390380e+01  5.446100e+01  5.502308e+01  5.558881e+01  
2.616737e+01  2.679842e+01  2.743259e+01  2.807053e+01  2.871264e+01  2.935903e+01  3.001067e+01  3.066738e+01  3.132997e+01  3.199862e+01  3.267361e+01  3.335455e+01  3.404156e+01  3.473354e+01  3.542965e+01  3.612826e+01  3.682714e+01  3.752412e+01  3.821638e+01  3.890168e+01  3.957754e+01  4.024213e+01  4.089388e+01  4.153154e+01  4.215446e+01  4.276203e+01  4.335452e+01  4.393152e+01  4.449375e+01  4.504225e+01  4.557750e+01  4.610159e+01  4.661638e+01  4.712408e+01  4.762716e+01  4.812825e+01  4.862970e+01  4.913362e+01  4.964154e+01  5.015447e+01  5.067358e+01  5.119858e+01  5.172998e+01  5.226745e+01  5.281073e+01  5.335918e+01  5.391259e+01  5.447038e+01  5.503261e+01  5.559838e+01  5.616736e+01  
2.674710e+01  2.737489e+01  2.800535e+01  2.863925e+01  2.927623e+01  2.991708e+01  3.056167e+01  3.121070e+01  3.186385e+01  3.252180e+01  3.318416e+01  3.385082e+01  3.452176e+01  3.519611e+01  3.587274e+01  3.655061e+01  3.722836e+01  3.790403e+01  3.857580e+01  3.924211e+01  3.990098e+01  4.055115e+01  4.119150e+01  4.182072e+01  4.243873e+01  4.304455e+01  4.363863e+01  4.422072e+01  4.479141e+01  4.535120e+01  4.590101e+01  4.644205e+01  4.697583e+01  4.750406e+01  4.802832e+01  4.855075e+01  4.907278e+01  4.959618e+01  5.012173e+01  5.065085e+01  5.118419e+01  5.172173e+01  5.226388e+01  5.281073e+01  5.336168e+01  5.391712e+01  5.447623e+01  5.503924e+01  5.560551e+01  5.617487e+01  5.674729e+01  
2.732745e+01  2.795251e+01  2.857986e+01  2.920993e+01  2.984258e+01  3.047826e+01  3.111692e+01  3.175911e+01  3.240461e+01  3.305343e+01  3.370573e+01  3.436112e+01  3.501913e+01  3.567968e+01  3.634141e+01  3.700370e+01  3.766539e+01  3.832515e+01  3.898186e+01  3.963380e+01  4.028003e+01  4.091930e+01  4.155084e+01  4.217378e+01  4.278790e+01  4.339256e+01  4.398777e+01  4.457383e+01  4.515073e+01  4.571931e+01  4.627996e+01  4.683390e+01  4.738180e+01  4.792527e+01  4.846530e+01  4.900374e+01  4.954143e+01  5.007968e+01  5.061918e+01  5.116115e+01  5.170572e+01  5.225350e+01  5.280457e+01  5.335918e+01  5.391712e+01  5.447823e+01  5.504262e+01  5.560970e+01  5.617981e+01  5.675254e+01  5.732740e+01  
2.790902e+01  2.853154e+01  2.915579e+01  2.978249e+01  3.041136e+01  3.104262e+01  3.167620e+01  3.231264e+01  3.295141e+01  3.359282e+01  3.423673e+01  3.488288e+01  3.553082e+01  3.618046e+01  3.683055e+01  3.748116e+01  3.813058e+01  3.877826e+01  3.942314e+01  4.006451e+01  4.070108e+01  4.133210e+01  4.195710e+01  4.257546e+01  4.318654e+01  4.379032e+01  4.438640e+01  4.497528e+01  4.555715e+01  4.613212e+01  4.670109e+01  4.726449e+01  4.782310e+01  4.837842e+01  4.893046e+01  4.948115e+01  5.003050e+01  5.058041e+01  5.113082e+01  5.168286e+01  5.223659e+01  5.279291e+01  5.335145e+01  5.391259e+01  5.447623e+01  5.504262e+01  5.561151e+01  5.618243e+01  5.675561e+01  5.733153e+01  5.790908e+01  
2.849141e+01  2.911159e+01  2.973349e+01  3.035702e+01  3.098249e+01  3.160984e+01  3.223928e+01  3.287049e+01  3.350391e+01  3.413913e+01  3.477604e+01  3.541472e+01  3.605466e+01  3.669556e+01  3.733661e+01  3.797765e+01  3.861767e+01  3.925607e+01  3.989225e+01  4.052536e+01  4.115471e+01  4.177944e+01  4.239944e+01  4.301401e+01  4.362291e+01  4.422574e+01  4.482289e+01  4.541403e+01  4.599944e+01  4.657951e+01  4.715473e+01  4.772539e+01  4.829237e+01  4.885620e+01  4.941759e+01  4.997754e+01  5.053661e+01  5.109549e+01  5.165469e+01  5.221474e+01  5.277631e+01  5.333917e+01  5.390380e+01  5.447038e+01  5.503924e+01  5.560970e+01  5.618243e+01  5.675698e+01  5.733353e+01  5.791165e+01  5.849126e+01  
2.907487e+01  2.969308e+01  3.031241e+01  3.093352e+01  3.155579e+01  3.217987e+01  3.280549e+01  3.343263e+01  3.406124e+01  3.469147e+01  3.532260e+01  3.595528e+01  3.658860e+01  3.722238e+01  3.785652e+01  3.848992e+01  3.912269e+01  3.975400e+01  4.038323e+01  4.101005e+01  4.163371e+01  4.225382e+01  4.286966e+01  4.348135e+01  4.408861e+01  4.469095e+01  4.528861e+01  4.588137e+01  4.646966e+01  4.705385e+01  4.763375e+01  4.821008e+01  4.878313e+01  4.935402e+01  4.992276e+01  5.048999e+01  5.105654e+01  5.162246e+01  5.218860e+01  5.275521e+01  5.332285e+01  5.389142e+01  5.446100e+01  5.503261e+01  5.560551e+01  5.617981e+01  5.675561e+01  5.733353e+01  5.791246e+01  5.849301e+01  5.907488e+01  
2.965912e+01  3.027575e+01  3.089311e+01  3.151161e+01  3.213154e+01  3.275253e+01  3.337487e+01  3.399828e+01  3.462297e+01  3.524873e+01  3.587548e+01  3.650299e+01  3.713094e+01  3.775936e+01  3.838753e+01  3.901531e+01  3.964218e+01  4.026805e+01  4.089194e+01  4.151346e+01  4.213282e+01  4.274905e+01  4.336204e+01  4.397141e+01  4.457719e+01  4.517915e+01  4.577716e+01  4.637156e+01  4.696197e+01  4.754915e+01  4.813289e+01  4.871360e+01  4.929187e+01  4.986795e+01  5.044225e+01  5.101520e+01  5.158753e+01  5.215940e+01  5.273107e+01  5.330305e+01  5.387542e+01  5.444878e+01  5.502308e+01  5.559838e+01  5.617487e+01  5.675254e+01  5.733153e+01  5.791165e+01  5.849301e+01  5.907569e+01  5.965899e+01  
3.024471e+01  3.085924e+01  3.147497e+01  3.209129e+01  3.270894e+01  3.332770e+01  3.394702e+01  3.456735e+01  3.518867e+01  3.581088e+01  3.643377e+01  3.705705e+01  3.768081e+01  3.830458e+01  3.892807e+01  3.955110e+01  4.017353e+01  4.079470e+01  4.141445e+01  4.203226e+01  4.264800e+01  4.326131e+01  4.387176e+01  4.447969e+01  4.508432e+01  4.568594e+01  4.628436e+01  4.687974e+01  4.747186e+01  4.806138e+01  4.864806e+01  4.923231e+01  4.981442e+01  5.039460e+01  5.097365e+01  5.155108e+01  5.212807e+01  5.270459e+01  5.328073e+01  5.385706e+01  5.443364e+01  5.501088e+01  5.558881e+01  5.616736e+01  5.674729e+01  5.732740e+01  5.790908e+01  5.849126e+01  5.907488e+01  5.965899e+01  6.024443e+01  
