data/model 2/T.grd
DSAA
 51 51
 -30 30
 -30 30
 2.244250e-01 4.201170e+01
[rows 0 to 23 of 51, columns 0 to 50 of 51]
2.248620e-01 2.394320e-01 2.550650e-01 2.711980e-01 2.890820e-01 3.075290e-01 3.270380e-01 3.474240e-01 3.688720e-01 3.910080e-01 4.138320e-01 4.370930e-01 4.607300e-01 4.844920e-01 5.082540e-01 5.312660e-01 5.534950e-01 5.746620e-01 5.942660e-01 6.122750e-01 6.279390e-01 6.412580e-01 6.518570e-01 6.596890e-01 6.642230e-01 6.657550e-01 6.644410e-01 6.597910e-01 6.518880e-01 6.414340e-01 6.280190e-01 6.122340e-01 5.942370e-01 5.746620e-01 5.535270e-01 5.312110e-01 5.080120e-01 4.844770e-01 4.606990e-01 4.370930e-01 4.136290e-01 3.909610e-01 3.688640e-01 3.473690e-01 3.271010e-01 3.074500e-01 2.890220e-01 2.714070e-01 2.548700e-01 2.391160e-01 2.247100e-01
2.394320e-01 2.556900e-01 2.729490e-01 2.915210e-01 3.114680e-01 3.324790e-01 3.547400e-01 3.783770e-01 4.029510e-01 4.289020e-01 4.554780e-01 4.831790e-01 5.110990e-01 5.394260e-01 5.675650e-01 5.952660e-01 6.222490e-01 6.480110e-01 6.718050e-01 6.934090e-01 7.127940e-01 7.291140e-01 7.419960e-01 7.514380e-01 7.571600e-01 7.591760e-01 7.573000e-01 7.515550e-01 7.419610e-01 7.290790e-01 7.129270e-01 6.935640e-01 6.717810e-01 6.478790e-01 6.222020e-01 5.952980e-01 5.675180e-01 5.392230e-01 5.109580e-01 4.830070e-01 4.554460e-01 4.287850e-01 4.029980e-01 3.784160e-01 3.548860e-01 3.325070e-01 3.115350e-01 2.915910e-01 2.730760e-01 2.557530e-01 2.392370e-01
2.550650e-01 2.729490e-01 2.923340e-01 3.135320e-01 3.357930e-01 3.598050e-01 3.853800e-01 4.126440e-01 4.413460e-01 4.713610e-01 5.025950e-01 5.352050e-01 5.685340e-01 6.023320e-01 6.364120e-01 6.701790e-01 7.026950e-01 7.340860e-01 7.634750e-01 7.899890e-01 8.135630e-01 8.338230e-01 8.496120e-01 8.613990e-01 8.686840e-01 8.709900e-01 8.685750e-01 8.613910e-01 8.496280e-01 8.337670e-01 8.136050e-01 7.900980e-01 7.632960e-01 7.341170e-01 7.027420e-01 6.700690e-01 6.363960e-01 6.023640e-01 5.685650e-01 5.351740e-01 5.027830e-01 4.714860e-01 4.411780e-01 4.125930e-01 3.853470e-01 3.598560e-01 3.357880e-01 3.134870e-01 2.924120e-01 2.731050e-01 2.549710e-01
2.711980e-01 2.915210e-01 3.135320e-01 3.371060e-01 3.624310e-01 3.898820e-01 4.193350e-01 4.503500e-01 4.838040e-01 5.191340e-01 5.561530e-01 5.949220e-01 6.345980e-01 6.757130e-01 7.166710e-01 7.574720e-01 7.976800e-01 8.362300e-01 8.722800e-01 9.052180e-01 9.347170e-01 9.594480e-01 9.794270e-01 9.940750e-01 1.002770e+00 1.005730e+00 1.002840e+00 9.940120e-01 9.794490e-01 9.594690e-01 9.346490e-01 9.054840e-01 8.723340e-01 8.362460e-01 7.976960e-01 7.576290e-01 7.166240e-01 6.754630e-01 6.347230e-01 5.947970e-01 5.562080e-01 5.191150e-01 4.838390e-01 4.505260e-01 4.192540e-01 3.899310e-01 3.624920e-01 3.370240e-01 3.135240e-01 2.916070e-01 2.712920e-01
2.890820e-01 3.114680e-01 3.357930e-01 3.624310e-01 3.915710e-01 4.227740e-01 4.563530e-01 4.926840e-01 5.313280e-01 5.727550e-01 6.168080e-01 6.629880e-01 7.109180e-01 7.604430e-01 8.104990e-01 8.610240e-01 9.103610e-01 9.580730e-01 1.003240e+00 1.044440e+00 1.081150e+00 1.112070e+00 1.137210e+00 1.155480e+00 1.166510e+00 1.170240e+00 1.166560e+00 1.155360e+00 1.137220e+00 1.112170e+00 1.081070e+00 1.044370e+00 1.003050e+00 9.582450e-01 9.105330e-01 8.609930e-01 8.106400e-01 7.603800e-01 7.108400e-01 6.629170e-01 6.167690e-01 5.728900e-01 5.314350e-01 4.926350e-01 4.562340e-01 4.225810e-01 3.913600e-01 3.624860e-01 3.357850e-01 3.115390e-01 2.889410e-01
3.075290e-01 3.324790e-01 3.598050e-01 3.898820e-01 4.227740e-01 4.582920e-01 4.969980e-01 5.390820e-01 5.845110e-01 6.335040e-01 6.856240e-01 7.410890e-01 7.992740e-01 8.596480e-01 9.213670e-01 9.835850e-01 1.045590e+00 1.105180e+00 1.161750e+00 1.213700e+00 1.260000e+00 1.299320e+00 1.330790e+00 1.353830e+00 1.367900e+00 1.372580e+00 1.367850e+00 1.353930e+00 1.330770e+00 1.299300e+00 1.259980e+00 1.213760e+00 1.161710e+00 1.105150e+00 1.045380e+00 9.836950e-01 9.213820e-01 8.595940e-01 7.991650e-01 7.411200e-01 6.856410e-01 6.334950e-01 5.845250e-01 5.390250e-01 4.970840e-01 4.582560e-01 4.226170e-01 3.898430e-01 3.598670e-01 3.325260e-01 3.077010e-01
3.270380e-01 3.547400e-01 3.853800e-01 4.193350e-01 4.563530e-01 4.969980e-01 5.416140e-01 5.907640e-01 6.438530e-01 7.017260e-01 7.640380e-01 8.309470e-01 9.017320e-01 9.761440e-01 1.052840e+00 1.130570e+00 1.208420e+00 1.283940e+00 1.355880e+00 1.422320e+00 1.480940e+00 1.531200e+00 1.571290e+00 1.600800e+00 1.618620e+00 1.624690e+00 1.618580e+00 1.600790e+00 1.571430e+00 1.531220e+00 1.481020e+00 1.422140e+00 1.355830e+00 1.284080e+00 1.208310e+00 1.130670e+00 1.052800e+00 9.761130e-01 9.017870e-01 8.309110e-01 7.641580e-01 7.017590e-01 6.440010e-01 5.906690e-01 5.416690e-01 4.969200e-01 4.561970e-01 4.192800e-01 3.854900e-01 3.548650e-01 3.270230e-01
3.474240e-01 3.783770e-01 4.126440e-01 4.503500e-01 4.926840e-01 5.390820e-01 5.907640e-01 6.473550e-01 7.101670e-01 7.788270e-01 8.535830e-01 9.345300e-01 1.021640e+00 1.113460e+00 1.209570e+00 1.308120e+00 1.406980e+00 1.504050e+00 1.596450e+00 1.681640e+00 1.757610e+00 1.822180e+00 1.873830e+00 1.911460e+00 1.934460e+00 1.942130e+00 1.934420e+00 1.911470e+00 1.873830e+00 1.822220e+00 1.757610e+00 1.681610e+00 1.596420e+00 1.504050e+00 1.407110e+00 1.308190e+00 1.209710e+00 1.113560e+00 1.021550e+00 9.345430e-01 8.535880e-01 7.786310e-01 7.101370e-01 6.473840e-01 5.906980e-01 5.391050e-01 4.926370e-01 4.504910e-01 4.126280e-01 3.782830e-01 3.473450e-01
3.688720e-01 4.029510e-01 4.413460e-01 4.838040e-01 5.313280e-01 5.845110e-01 6.438530e-01 7.101670e-01 7.836100e-01 8.652140e-01 9.554150e-01 1.054310e+00 1.161550e+00 1.276670e+00 1.398450e+00 1.524470e+00 1.652040e+00 1.777900e+00 1.898200e+00 2.009520e+00 2.108270e+00 2.192380e+00 2.259440e+00 2.308210e+00 2.337680e+00 2.347540e+00 2.337800e+00 2.308130e+00 2.259440e+00 2.192460e+00 2.108380e+00 2.009360e+00 1.898260e+00 1.777950e+00 1.652070e+00 1.524460e+00 1.398410e+00 1.276800e+00 1.161640e+00 1.054260e+00 9.554600e-01 8.652200e-01 7.836590e-01 7.099720e-01 6.438530e-01 5.846050e-01 5.314060e-01 4.839140e-01 4.412360e-01 4.029670e-01 3.686690e-01
3.910080e-01 4.289020e-01 4.713610e-01 5.191340e-01 5.727550e-01 6.335040e-01 7.017260e-01 7.788270e-01 8.652140e-01 9.627000e-01 1.071380e+00 1.192660e+00 1.326100e+00 1.471470e+00 1.627300e+00 1.790540e+00 1.957760e+00 2.123580e+00 2.282780e+00 2.429930e+00 2.560490e+00 2.670860e+00 2.758610e+00 2.822120e+00 2.860530e+00 2.873360e+00 2.860480e+00 2.822060e+00 2.758560e+00 2.670820e+00 2.560470e+00 2.429920e+00 2.282750e+00 2.123640e+00 1.957720e+00 1.790660e+00 1.627170e+00 1.471510e+00 1.326170e+00 1.192560e+00 1.071490e+00 9.627170e-01 8.652680e-01 7.786240e-01 7.017960e-01 6.334260e-01 5.728180e-01 5.191340e-01 4.714700e-01 4.287300e-01 3.908750e-01
4.138320e-01 4.554780e-01 5.025950e-01 5.561530e-01 6.168080e-01 6.856240e-01 7.640380e-01 8.535830e-01 9.554150e-01 1.071380e+00 1.203290e+00 1.352460e+00 1.519380e+00 1.704660e+00 1.906620e+00 2.121750e+00 2.344230e+00 2.566970e+00 2.781370e+00 2.979060e+00 3.153740e+00 3.300170e+00 3.415790e+00 3.498860e+00 3.548970e+00 3.565590e+00 3.548870e+00 3.498920e+00 3.415830e+00 3.300210e+00 3.153560e+00 2.979130e+00 2.781300e+00 2.566930e+00 2.344200e+00 2.121600e+00 1.906640e+00 1.704790e+00 1.519480e+00 1.352430e+00 1.203400e+00 1.071450e+00 9.553840e-01 8.536060e-01 7.641630e-01 6.857330e-01 6.167300e-01 5.560440e-01 5.025950e-01 4.554780e-01 4.137690e-01
4.370930e-01 4.831790e-01 5.352050e-01 5.949220e-01 6.629880e-01 7.410890e-01 8.309470e-01 9.345300e-01 1.054310e+00 1.192660e+00 1.352460e+00 1.536300e+00 1.746840e+00 1.984880e+00 2.249920e+00 2.537970e+00 2.840640e+00 3.145990e+00 3.440520e+00 3.711150e+00 3.947760e+00 4.144170e+00 4.297530e+00 4.406670e+00 4.471900e+00 4.493530e+00 4.471910e+00 4.406610e+00 4.297460e+00 4.144150e+00 3.947710e+00 3.711120e+00 3.440540e+00 3.146000e+00 2.840550e+00 2.538050e+00 2.249990e+00 1.984930e+00 1.746730e+00 1.536390e+00 1.352440e+00 1.192670e+00 1.054390e+00 9.345530e-01 8.308210e-01 7.411200e-01 6.628780e-01 5.947190e-01 5.352830e-01 4.829910e-01 4.370540e-01
4.607300e-01 5.110990e-01 5.685340e-01 6.345980e-01 7.109180e-01 7.992740e-01 9.017320e-01 1.021640e+00 1.161550e+00 1.326100e+00 1.519380e+00 1.746840e+00 2.012790e+00 2.321770e+00 2.674510e+00 3.067100e+00 3.488220e+00 3.917950e+00 4.332540e+00 4.710030e+00 5.035340e+00 5.300810e+00 5.504580e+00 5.648010e+00 5.732930e+00 5.760930e+00 5.732900e+00 5.647960e+00 5.504660e+00 5.300680e+00 5.035240e+00 4.709990e+00 4.332450e+00 3.917950e+00 3.488180e+00 3.067250e+00 2.674440e+00 2.321690e+00 2.012910e+00 1.746750e+00 1.519420e+00 1.326160e+00 1.161610e+00 1.021560e+00 9.017630e-01 7.991340e-01 7.108240e-01 6.346610e-01 5.685970e-01 5.109430e-01 4.608080e-01
4.844920e-01 5.394260e-01 6.023320e-01 6.757130e-01 7.604430e-01 8.596480e-01 9.761440e-01 1.113460e+00 1.276670e+00 1.471470e+00 1.704660e+00 1.984880e+00 2.321770e+00 2.724330e+00 3.199460e+00 3.745830e+00 4.347610e+00 4.971140e+00 5.571520e+00 6.109450e+00 6.561920e+00 6.922470e+00 7.193450e+00 7.380850e+00 7.490740e+00 7.526750e+00 7.490700e+00 7.380770e+00 7.193350e+00 6.922460e+00 6.562040e+00 6.109400e+00 5.571460e+00 4.971140e+00 4.347730e+00 3.745920e+00 3.199380e+00 2.724260e+00 2.321640e+00 1.984930e+00 1.704770e+00 1.471480e+00 1.276810e+00 1.113540e+00 9.761130e-01 8.596800e-01 7.604580e-01 6.755640e-01 6.023790e-01 5.393560e-01 4.845780e-01
5.082540e-01 5.675650e-01 6.364120e-01 7.166710e-01 8.104990e-01 9.213670e-01 1.052840e+00 1.209570e+00 1.398450e+00 1.627300e+00 1.906620e+00 2.249920e+00 2.674510e+00 3.199460e+00 3.844180e+00 4.618320e+00 5.505480e+00 6.444390e+00 7.342980e+00 8.125400e+00 8.760450e+00 9.249290e+00 9.606900e+00 9.849280e+00 9.989580e+00 1.003540e+01 9.989650e+00 9.849310e+00 9.606850e+00 9.249360e+00 8.760360e+00 8.125430e+00 7.342930e+00 6.444400e+00 5.505380e+00 4.618330e+00 3.844050e+00 3.199340e+00 2.674450e+00 2.250050e+00 1.906630e+00 1.627270e+00 1.398460e+00 1.209650e+00 1.052740e+00 9.214140e-01 8.105460e-01 7.166080e-01 6.365210e-01 5.675340e-01 5.080700e-01
5.312660e-01 5.952660e-01 6.701790e-01 7.574720e-01 8.610240e-01 9.835850e-01 1.130570e+00 1.308120e+00 1.524470e+00 1.790540e+00 2.121750e+00 2.537970e+00 3.067100e+00 3.745830e+00 4.618320e+00 5.726990e+00 7.074810e+00 8.553330e+00 9.947530e+00 1.110280e+01 1.199160e+01 1.264700e+01 1.311150e+01 1.341980e+01 1.359570e+01 1.365290e+01 1.359570e+01 1.341980e+01 1.311150e+01 1.264700e+01 1.199150e+01 1.110270e+01 9.947610e+00 8.553310e+00 7.074710e+00 5.726990e+00 4.618250e+00 3.745800e+00 3.067190e+00 2.537970e+00 2.121650e+00 1.790580e+00 1.524420e+00 1.308260e+00 1.130610e+00 9.837030e-01 8.611570e-01 7.576480e-01 6.699210e-01 5.953100e-01 5.310950e-01
5.534950e-01 6.222490e-01 7.026950e-01 7.976800e-01 9.103610e-01 1.045590e+00 1.208420e+00 1.406980e+00 1.652040e+00 1.957760e+00 2.344230e+00 2.840640e+00 3.488220e+00 4.347610e+00 5.505480e+00 7.074810e+00 9.149360e+00 1.157110e+01 1.378470e+01 1.547670e+01 1.669370e+01 1.755030e+01 1.813860e+01 1.852100e+01 1.873640e+01 1.880590e+01 1.873640e+01 1.852100e+01 1.813860e+01 1.755020e+01 1.669370e+01 1.547670e+01 1.378470e+01 1.157110e+01 9.149370e+00 7.074880e+00 5.505500e+00 4.347640e+00 3.488170e+00 2.840470e+00 2.344250e+00 1.957700e+00 1.652110e+00 1.407140e+00 1.208360e+00 1.045390e+00 9.105760e-01 7.976680e-01 7.026910e-01 6.221840e-01 5.535310e-01
5.746620e-01 6.480110e-01 7.340860e-01 8.362300e-01 9.580730e-01 1.105180e+00 1.283940e+00 1.504050e+00 1.777900e+00 2.123580e+00 2.566970e+00 3.145990e+00 3.917950e+00 4.971140e+00 6.444390e+00 8.553330e+00 1.157110e+01 1.534400e+01 1.866690e+01 2.100640e+01 2.259270e+01 2.366750e+01 2.438730e+01 2.484730e+01 2.510390e+01 2.518640e+01 2.510390e+01 2.484730e+01 2.438720e+01 2.366750e+01 2.259280e+01 2.100640e+01 1.866690e+01 1.534410e+01 1.157120e+01 8.553340e+00 6.444350e+00 4.971150e+00 3.918020e+00 3.146130e+00 2.567030e+00 2.123690e+00 1.777860e+00 1.504120e+00 1.284030e+00 1.105150e+00 9.582640e-01 8.360740e-01 7.340000e-01 6.480500e-01 5.746970e-01
5.942660e-01 6.718050e-01 7.634750e-01 8.722800e-01 1.003240e+00 1.161750e+00 1.355880e+00 1.596450e+00 1.898200e+00 2.282780e+00 2.781370e+00 3.440520e+00 4.332540e+00 5.571520e+00 7.342980e+00 9.947530e+00 1.378470e+01 1.866690e+01 2.293080e+01 2.585600e+01 2.778900e+01 2.907210e+01 2.991840e+01 3.045370e+01 3.075050e+01 3.084540e+01 3.075040e+01 3.045380e+01 2.991840e+01 2.907210e+01 2.778900e+01 2.585600e+01 2.293070e+01 1.866680e+01 1.378480e+01 9.947620e+00 7.342950e+00 5.571440e+00 4.332520e+00 3.440560e+00 2.781310e+00 2.282830e+00 1.898220e+00 1.596380e+00 1.355800e+00 1.161860e+00 1.003140e+00 8.722500e-01 7.632290e-01 6.719410e-01 5.944460e-01
6.122750e-01 6.934090e-01 7.899890e-01 9.052180e-01 1.044440e+00 1.213700e+00 1.422320e+00 1.681640e+00 2.009520e+00 2.429930e+00 2.979060e+00 3.711150e+00 4.710030e+00 6.109450e+00 8.125400e+00 1.110280e+01 1.547670e+01 2.100640e+01 2.585600e+01 2.920350e+01 3.141330e+01 3.287320e+01 3.383080e+01 3.443360e+01 3.476650e+01 3.487290e+01 3.476640e+01 3.443370e+01 3.383080e+01 3.287320e+01 3.141330e+01 2.920350e+01 2.585600e+01 2.100650e+01 1.547670e+01 1.110280e+01 8.125360e+00 6.109440e+00 4.710030e+00 3.711150e+00 2.979000e+00 2.430000e+00 2.009470e+00 1.681680e+00 1.422110e+00 1.213800e+00 1.044510e+00 9.053570e-01 7.900510e-01 6.934560e-01 6.122590e-01
6.279390e-01 7.127940e-01 8.135630e-01 9.347170e-01 1.081150e+00 1.260000e+00 1.480940e+00 1.757610e+00 2.108270e+00 2.560490e+00 3.153740e+00 3.947760e+00 5.035340e+00 6.561920e+00 8.760450e+00 1.199160e+01 1.669370e+01 2.259270e+01 2.778900e+01 3.141330e+01 3.382300e+01 3.541970e+01 3.646760e+01 3.712690e+01 3.749060e+01 3.760680e+01 3.749060e+01 3.712680e+01 3.646760e+01 3.541970e+01 3.382300e+01 3.141330e+01 2.778900e+01 2.259290e+01 1.669370e+01 1.199160e+01 8.760490e+00 6.561960e+00 5.035300e+00 3.947720e+00 3.153670e+00 2.560540e+00 2.108410e+00 1.757540e+00 1.480980e+00 1.260030e+00 1.081080e+00 9.347090e-01 8.137110e-01 7.128170e-01 6.280010e-01
6.412580e-01 7.291140e-01 8.338230e-01 9.594480e-01 1.112070e+00 1.299320e+00 1.531200e+00 1.822180e+00 2.192380e+00 2.670860e+00 3.300170e+00 4.144170e+00 5.300810e+00 6.922470e+00 9.249290e+00 1.264700e+01 1.755030e+01 2.366750e+01 2.907210e+01 3.287320e+01 3.541970e+01 3.711590e+01 3.823230e+01 3.893580e+01 3.932410e+01 3.944830e+01 3.932410e+01 3.893580e+01 3.823230e+01 3.711590e+01 3.541970e+01 3.287320e+01 2.907210e+01 2.366750e+01 1.755030e+01 1.264700e+01 9.249310e+00 6.922540e+00 5.300810e+00 4.144200e+00 3.300140e+00 2.670800e+00 2.192370e+00 1.822130e+00 1.531150e+00 1.299300e+00 1.112100e+00 9.594400e-01 8.338150e-01 7.290520e-01 6.413050e-01
6.518570e-01 7.419960e-01 8.496120e-01 9.794270e-01 1.137210e+00 1.330790e+00 1.571290e+00 1.873830e+00 2.259440e+00 2.758610e+00 3.415790e+00 4.297530e+00 5.504580e+00 7.193450e+00 9.606900e+00 1.311150e+01 1.813860e+01 2.438730e+01 2.991840e+01 3.383080e+01 3.646760e+01 3.823230e+01 3.939780e+01 4.013380e+01 4.054050e+01 4.067060e+01 4.054050e+01 4.013380e+01 3.939780e+01 3.823230e+01 3.646760e+01 3.383080e+01 2.991850e+01 2.438720e+01 1.813860e+01 1.311160e+01 9.606830e+00 7.193420e+00 5.504630e+00 4.297480e+00 3.415820e+00 2.758610e+00 2.259480e+00 1.873880e+00 1.571500e+00 1.330840e+00 1.137100e+00 9.794350e-01 8.496590e-01 7.420430e-01 6.517630e-01
6.596890e-01 7.514380e-01 8.613990e-01 9.940750e-01 1.155480e+00 1.353830e+00 1.600800e+00 1.911460e+00 2.308210e+00 2.822120e+00 3.498860e+00 4.406670e+00 5.648010e+00 7.380850e+00 9.849280e+00 1.341980e+01 1.852100e+01 2.484730e+01 3.045370e+01 3.443360e+01 3.712690e+01 3.893580e+01 4.013380e+01 4.089170e+01 4.131100e+01 4.144530e+01 4.131100e+01 4.089170e+01 4.013380e+01 3.893580e+01 3.712680e+01 3.443370e+01 3.045380e+01 2.484730e+01 1.852090e+01 1.341990e+01 9.849330e+00 7.380880e+00 5.648030e+00 4.406660e+00 3.498910e+00 2.822140e+00 2.308150e+00 1.911540e+00 1.600720e+00 1.353780e+00 1.155460e+00 9.940050e-01 8.613520e-01 7.514070e-01 6.596890e-01
